0.00280361
0.00455187
0.0101995
0.0116345
0.0150165
0.0183044
0.0195294
0.0154363
0.0127781
0.0120949
0.0119748
0.0117961
0.011611
0.0115598
0.0117196
0.0121984
0.0127991
0.0133914
0.0138088
0.0140803
0.0141605
0.0141515
0.0141742
0.0142184
0.0142366
0.0142167
0.0140942
0.0138714
0.0135936
0.0132844
0.0129441
0.0126179
0.0124189
0.0123378
0.0123133
0.0123958
0.0125604
0.0128336
0.0131602
0.0136506
0.0142126
0.0150504
0.0161838
0.0176715
0.0199755
0.0223009
0.0255729
0.0287738
0.03158
0.0353251
0.0369564
0.0356981
0.0340153
0.0293499
0.0303505
0.0230916
0.0184017
0.0126134
0.00991645
0.0078956
0.00491868
0.00415312
0.00305348
0.00330765
0.00155911
0.000771597
0
0.000905066
0.00108543
0
0
0.000352941
0.000422012
0
0
0
0
0
0
0
0
0
0
0
0
0
0
0
0
0
0
0
0
0
0
0
0
0
0
0
