0.00629717
0.0105085
0.0220914
0.0261599
0.0423904
0.0603752
0.0515953
0.0397002
0.0364716
0.0352094
0.0335536
0.0316785
0.03044
0.029781
0.0292149
0.0285668
0.0278809
0.027416
0.0268132
0.0261369
0.025333
0.0244846
0.0236438
0.022695
0.0215624
0.020299
0.0189096
0.0174908
0.0161542
0.0149343
0.0138023
0.0127564
0.0118517
0.0110256
0.010198
0.00940982
0.00864822
0.00794203
0.00726572
0.00668452
0.00614558
0.00572732
0.0054063
0.00517199
0.00511398
0.00498723
0.00498944
0.00489254
0.00467631
0.00455566
0.00415685
0.00351522
0.00295326
0.00227297
0.00213259
0.00150582
0.00114435
0.000770107
0.000610764
0.000500978
0.000325299
0.000286634
0.000218072
0.00024067
0.000113364
5.49555e-05
0
5.87187e-05
6.58824e-05
0
0
1.67022e-05
1.8172e-05
0
0
0
0
0
0
0
0
0
0
0
0
0
0
0
0
0
0
0
0
0
0
0
0
0
0
0
