0.00477234
0.00787009
0.0171013
0.019785
0.0280692
0.0380032
0.036563
0.0278617
0.024332
0.0234635
0.0228849
0.022048
0.0214055
0.021145
0.0211979
0.0215158
0.0217847
0.0220759
0.0221651
0.0220772
0.02178
0.021421
0.0211174
0.0207916
0.0203488
0.0197865
0.0190511
0.0181929
0.0173103
0.0164529
0.0156225
0.014858
0.0142606
0.0137812
0.0133227
0.0129246
0.012553
0.0122332
0.0119145
0.0116979
0.0114981
0.0114717
0.0116046
0.0119068
0.0126361
0.0132349
0.0142296
0.0150027
0.0154207
0.016147
0.0158092
0.0142949
0.0127641
0.0103451
0.0100913
0.00729095
0.00557042
0.00370662
0.00287094
0.00228708
0.00144521
0.00124952
0.000943883
0.00104746
0.000501863
0.000249813
0
0.000287043
0.000336196
0
0
9.85646e-05
0.000113085
0
0
0
0
0
0
0
0
0
0
0
0
0
0
0
0
0
0
0
0
0
0
0
0
0
0
0
