9.89522e-06 
0.00101106 
0.00143483 
0.00210392 
0.00123114 
0.0021592 
0.0020239 
0.00200777 
0.00181845 
0.00895319 
0.0141745 
0.0183453 
0.0165334 
0.012658 
0.0092043 
0.00779417 
0.00736106 
0.00736252 
0.00756199 
0.00769292 
0.00823143 
0.00938701 
0.0108095 
0.0116972 
0.0119152 
0.0116079 
0.0114019 
0.0111123 
0.0110952 
0.0111809 
0.0112607 
0.0113653 
0.0117032 
0.0121198 
0.0125431 
0.0130545 
0.013902 
0.0148434 
0.0154898 
0.016134 
0.0176283 
0.0202253 
0.024126 
0.0291746 
0.0359265 
0.0441436 
0.0524222 
0.0567467 
0.0595603 
0.0580685 
0.0514677 
0.0444839 
0.0373051 
0.0287289 
0.021327 
0.0151018 
0.0103571 
0.00692589 
0.00458553 
0.00302045 
0.00201276 
0.00136465 
0.000977936 
0.000643173 
0.000454705 
0.000299269 
0.000185651 
0.000125002 
9.5157e-05 
6.88218e-05 
4.85073e-05 
2.94691e-05 
3.09919e-05 
1.4871e-05 
1.02353e-05 
6.14578e-06 
5.49176e-06 
3.76442e-06 
1.30737e-06 
3.29375e-07 
1.49065e-07 
1.73969e-07 
1.77548e-07 
6.64346e-08 
3.82441e-08 
7.45601e-08 
2.26898e-08 
1.05562e-08 
6.57167e-09 
1.15991e-08 
1.14241e-08 
3.89972e-09 
2.65404e-07 
6.4007e-09 
3.38508e-09 
1.34335e-10 
2.26515e-09 
6.33711e-10 
3.4643e-11 
1.92764e-11 