9.89522e-06 
0.50101106 
0.50143483 
0.50210392 
0.50123114 
0.5021592 
0.5020239 
0.50200777 
0.50181845 
0.50895319 
0.5141745 
0.5183453 
0.5165334 
0.512658 
0.5092043 
0.50779417 
0.50736106 
0.50736252 
0.50756199 
0.50769292 
0.50823143 
0.50938701 
0.5108095 
0.5116972 
0.5119152 
0.5116079 
0.5114019 
0.5111123 
0.5110952 
0.5111809 
0.5112607 
0.5113653 
0.5117032 
0.5121198 
0.5125431 
0.5130545 
0.513902 
0.5148434 
0.5154898 
0.516134 
0.5176283 
0.5202253 
0.524126 
0.5291746 
0.5359265 
0.5441436 
0.5524222 
0.5567467 
0.5595603 
0.5580685 
0.5514677 
0.5444839 
0.5373051 
0.5287289 
0.521327 
0.5151018 
0.5103571 
0.50692589 
0.50458553 
0.50302045 
0.50201276 
0.50136465 
0.500977936 
0.500643173 
0.500454705 
0.500299269 
0.500185651 
0.500125002 
9.5157e-05 
6.88218e-05 
4.85073e-05 
2.94691e-05 
3.09919e-05 
1.4871e-05 
1.02353e-05 
6.14578e-06 
5.49176e-06 
3.76442e-06 
1.30737e-06 
3.29375e-07 
1.49065e-07 
1.73969e-07 
1.77548e-07 
6.64346e-08 
3.82441e-08 
7.45601e-08 
2.26898e-08 
1.05562e-08 
6.57167e-09 
1.15991e-08 
1.14241e-08 
3.89972e-09 
2.65404e-07 
6.4007e-09 
3.38508e-09 
1.34335e-10 
2.26515e-09 
6.33711e-10 
3.4643e-11 
1.92764e-11 