
-====-====-====-====-====-====-====-====-====-====-====-====-====-

 EXPECTED NUMBER OF SIG EVENTS

                | HHrew0     | HHrew1     | HHrew2     | HHrew3     | HHrew4     | HHrew5     | HHrew6     | HHrew7     | HHrew8     | HHrew9     | HHrew10    | HHrew11    | HHrew12    | HHrew13    | HHrew14    | HHrew15    | HHrew16    | HHrew17    | HHrew18    | HHrew19    | HHrew20    | HHrew21    | HHrew22    | HHrew23    | HHrew24    | HHrew25    | HHrew26    | HHrew27    | HHrew28    | HHrew29    | HHrew30    | HHrew31    | HHrew32    | HHrew33    | HHrew34    | HHrew35    | HHrew36    | HHrew37    | HHrew38    | HHrew39    | HHrew40    | HHrew41    | HHrew42    | HHrew43    | HHrew44    | HHrew45    | HHrew46    | HHrew47    | HHrew48    | HHrew49    | HHrew50    | HHrew51    | 
defaultBtagLLNoIso|       54.3 |       54.1 |       54.6 |       54.2 |       55.2 |       55.2 |       56.0 |       55.8 |       56.1 |       56.6 |       56.7 |       57.3 |       58.0 |       59.0 |       59.9 |       61.0 |       62.5 |       64.4 |       67.6 |       72.9 |       81.5 |       96.3 |      106.5 |       94.4 |       65.0 |       41.0 |       39.0 |       39.6 |       41.4 |       41.7 |       43.5 |       44.1 |       44.9 |       45.2 |       46.2 |       46.1 |       46.9 |       47.0 |       47.2 |       47.4 |       48.0 |       48.3 |       48.2 |       48.2 |       48.3 |       48.5 |       48.4 |       48.9 |       49.1 |       48.9 |       49.1 |       49.5 |
defaultBtagLLNoIsoBBTTCut|       41.9 |       41.7 |       42.1 |       41.8 |       42.5 |       42.6 |       43.2 |       43.0 |       43.2 |       43.6 |       43.7 |       44.2 |       44.7 |       45.4 |       46.2 |       46.9 |       48.2 |       49.5 |       52.0 |       56.0 |       62.6 |       74.0 |       82.0 |       72.9 |       50.4 |       32.0 |       30.3 |       30.8 |       32.1 |       32.3 |       33.7 |       34.1 |       34.7 |       35.0 |       35.7 |       35.6 |       36.2 |       36.3 |       36.4 |       36.6 |       37.1 |       37.3 |       37.2 |       37.2 |       37.3 |       37.5 |       37.4 |       37.8 |       37.9 |       37.8 |       37.9 |       38.2 |
defaultBtagMMNoIsoBBTTCutKine90|       25.1 |       24.9 |       25.2 |       25.0 |       25.6 |       25.6 |       26.0 |       25.9 |       26.1 |       26.4 |       26.4 |       26.8 |       27.3 |       27.8 |       28.3 |       28.9 |       29.8 |       30.9 |       32.7 |       35.8 |       40.7 |       49.1 |       54.5 |       47.4 |       30.5 |       17.0 |       16.0 |       16.4 |       17.5 |       17.7 |       18.7 |       19.1 |       19.6 |       19.8 |       20.3 |       20.3 |       20.7 |       20.8 |       20.9 |       21.0 |       21.4 |       21.6 |       21.5 |       21.5 |       21.6 |       21.7 |       21.6 |       21.9 |       22.0 |       21.9 |       22.0 |       22.2 |
defaultBtagLLNoIsoBBTTCutKine90|       35.5 |       35.3 |       35.7 |       35.4 |       36.2 |       36.2 |       36.9 |       36.7 |       36.9 |       37.4 |       37.4 |       38.0 |       38.6 |       39.3 |       40.2 |       41.0 |       42.3 |       43.8 |       46.5 |       50.9 |       58.1 |       70.6 |       79.3 |       69.4 |       44.9 |       24.7 |       22.9 |       23.3 |       24.8 |       25.1 |       26.5 |       27.1 |       27.7 |       27.9 |       28.7 |       28.7 |       29.3 |       29.4 |       29.5 |       29.7 |       30.2 |       30.5 |       30.4 |       30.4 |       30.5 |       30.7 |       30.6 |       31.0 |       31.2 |       31.0 |       31.2 |       31.4 |
defaultBtagMMNoIsoBBTTCutKine80|       19.4 |       19.3 |       19.5 |       19.4 |       19.9 |       19.9 |       20.4 |       20.3 |       20.4 |       20.8 |       20.8 |       21.2 |       21.7 |       22.1 |       22.7 |       23.4 |       24.3 |       25.4 |       27.3 |       30.5 |       35.6 |       44.6 |       51.2 |       44.2 |       26.7 |       12.1 |       10.6 |       10.9 |       11.9 |       12.1 |       13.1 |       13.5 |       13.9 |       14.1 |       14.6 |       14.6 |       15.1 |       15.1 |       15.2 |       15.3 |       15.7 |       15.9 |       15.8 |       15.8 |       15.9 |       16.0 |       15.9 |       16.2 |       16.4 |       16.3 |       16.3 |       16.5 |
defaultBtagLLNoIsoBBTTCutKine80|       27.1 |       26.8 |       27.2 |       27.0 |       27.8 |       27.8 |       28.4 |       28.3 |       28.5 |       29.0 |       29.0 |       29.6 |       30.2 |       31.0 |       31.8 |       32.7 |       34.0 |       35.6 |       38.3 |       43.0 |       50.5 |       63.9 |       74.4 |       64.6 |       39.3 |       17.4 |       15.0 |       15.1 |       16.5 |       16.8 |       18.1 |       18.7 |       19.3 |       19.5 |       20.3 |       20.2 |       20.9 |       20.9 |       21.0 |       21.2 |       21.8 |       22.1 |       21.9 |       21.9 |       22.0 |       22.2 |       22.1 |       22.5 |       22.7 |       22.6 |       22.7 |       23.0 |
defaultBtagLLNoIso_topUP       |       54.3 |       54.1 |       54.6 |       54.2 |       55.2 |       55.2 |       56.0 |       55.8 |       56.1 |       56.6 |       56.7 |       57.3 |       58.0 |       59.0 |       59.9 |       61.0 |       62.5 |       64.4 |       67.6 |       72.9 |       81.5 |       96.3 |      106.5 |       94.4 |       65.0 |       41.0 |       39.0 |       39.6 |       41.4 |       41.7 |       43.5 |       44.1 |       44.9 |       45.2 |       46.2 |       46.1 |       46.9 |       47.0 |       47.2 |       47.4 |       48.0 |       48.3 |       48.2 |       48.2 |       48.3 |       48.5 |       48.4 |       48.9 |       49.1 |       48.9 |       49.1 |       49.5 |
defaultBtagLLNoIso_topDOWN     |       54.3 |       54.1 |       54.6 |       54.2 |       55.2 |       55.2 |       56.0 |       55.8 |       56.1 |       56.6 |       56.7 |       57.3 |       58.0 |       59.0 |       59.9 |       61.0 |       62.5 |       64.4 |       67.6 |       72.9 |       81.5 |       96.3 |      106.5 |       94.4 |       65.0 |       41.0 |       39.0 |       39.6 |       41.4 |       41.7 |       43.5 |       44.1 |       44.9 |       45.2 |       46.2 |       46.1 |       46.9 |       47.0 |       47.2 |       47.4 |       48.0 |       48.3 |       48.2 |       48.2 |       48.3 |       48.5 |       48.4 |       48.9 |       49.1 |       48.9 |       49.1 |       49.5 |
defaultBtagLLNoIsoBBTTCut_topUP|       41.9 |       41.7 |       42.1 |       41.8 |       42.5 |       42.6 |       43.2 |       43.0 |       43.2 |       43.6 |       43.7 |       44.2 |       44.7 |       45.4 |       46.2 |       46.9 |       48.2 |       49.5 |       52.0 |       56.0 |       62.6 |       74.0 |       82.0 |       72.9 |       50.4 |       32.0 |       30.3 |       30.8 |       32.1 |       32.3 |       33.7 |       34.1 |       34.7 |       35.0 |       35.7 |       35.6 |       36.2 |       36.3 |       36.4 |       36.6 |       37.1 |       37.3 |       37.2 |       37.2 |       37.3 |       37.5 |       37.4 |       37.8 |       37.9 |       37.8 |       37.9 |       38.2 |
defaultBtagLLNoIsoBBTTCut_topDOWN|       41.9 |       41.7 |       42.1 |       41.8 |       42.5 |       42.6 |       43.2 |       43.0 |       43.2 |       43.6 |       43.7 |       44.2 |       44.7 |       45.4 |       46.2 |       46.9 |       48.2 |       49.5 |       52.0 |       56.0 |       62.6 |       74.0 |       82.0 |       72.9 |       50.4 |       32.0 |       30.3 |       30.8 |       32.1 |       32.3 |       33.7 |       34.1 |       34.7 |       35.0 |       35.7 |       35.6 |       36.2 |       36.3 |       36.4 |       36.6 |       37.1 |       37.3 |       37.2 |       37.2 |       37.3 |       37.5 |       37.4 |       37.8 |       37.9 |       37.8 |       37.9 |       38.2 |
defaultBtagMMNoIsoBBTTCutKine90_topUP|       25.1 |       24.9 |       25.2 |       25.0 |       25.6 |       25.6 |       26.0 |       25.9 |       26.1 |       26.4 |       26.4 |       26.8 |       27.3 |       27.8 |       28.3 |       28.9 |       29.8 |       30.9 |       32.7 |       35.8 |       40.7 |       49.1 |       54.5 |       47.4 |       30.5 |       17.0 |       16.0 |       16.4 |       17.5 |       17.7 |       18.7 |       19.1 |       19.6 |       19.8 |       20.3 |       20.3 |       20.7 |       20.8 |       20.9 |       21.0 |       21.4 |       21.6 |       21.5 |       21.5 |       21.6 |       21.7 |       21.6 |       21.9 |       22.0 |       21.9 |       22.0 |       22.2 |
defaultBtagMMNoIsoBBTTCutKine90_topDOWN|       25.1 |       24.9 |       25.2 |       25.0 |       25.6 |       25.6 |       26.0 |       25.9 |       26.1 |       26.4 |       26.4 |       26.8 |       27.3 |       27.8 |       28.3 |       28.9 |       29.8 |       30.9 |       32.7 |       35.8 |       40.7 |       49.1 |       54.5 |       47.4 |       30.5 |       17.0 |       16.0 |       16.4 |       17.5 |       17.7 |       18.7 |       19.1 |       19.6 |       19.8 |       20.3 |       20.3 |       20.7 |       20.8 |       20.9 |       21.0 |       21.4 |       21.6 |       21.5 |       21.5 |       21.6 |       21.7 |       21.6 |       21.9 |       22.0 |       21.9 |       22.0 |       22.2 |
defaultBtagLLNoIsoBBTTCutKine90_topUP  |       35.5 |       35.3 |       35.7 |       35.4 |       36.2 |       36.2 |       36.9 |       36.7 |       36.9 |       37.4 |       37.4 |       38.0 |       38.6 |       39.3 |       40.2 |       41.0 |       42.3 |       43.8 |       46.5 |       50.9 |       58.1 |       70.6 |       79.3 |       69.4 |       44.9 |       24.7 |       22.9 |       23.3 |       24.8 |       25.1 |       26.5 |       27.1 |       27.7 |       27.9 |       28.7 |       28.7 |       29.3 |       29.4 |       29.5 |       29.7 |       30.2 |       30.5 |       30.4 |       30.4 |       30.5 |       30.7 |       30.6 |       31.0 |       31.2 |       31.0 |       31.2 |       31.4 |
defaultBtagLLNoIsoBBTTCutKine90_topDOWN|       35.5 |       35.3 |       35.7 |       35.4 |       36.2 |       36.2 |       36.9 |       36.7 |       36.9 |       37.4 |       37.4 |       38.0 |       38.6 |       39.3 |       40.2 |       41.0 |       42.3 |       43.8 |       46.5 |       50.9 |       58.1 |       70.6 |       79.3 |       69.4 |       44.9 |       24.7 |       22.9 |       23.3 |       24.8 |       25.1 |       26.5 |       27.1 |       27.7 |       27.9 |       28.7 |       28.7 |       29.3 |       29.4 |       29.5 |       29.7 |       30.2 |       30.5 |       30.4 |       30.4 |       30.5 |       30.7 |       30.6 |       31.0 |       31.2 |       31.0 |       31.2 |       31.4 |
defaultBtagMMNoIsoBBTTCutKine80_topUP  |       19.4 |       19.3 |       19.5 |       19.4 |       19.9 |       19.9 |       20.4 |       20.3 |       20.4 |       20.8 |       20.8 |       21.2 |       21.7 |       22.1 |       22.7 |       23.4 |       24.3 |       25.4 |       27.3 |       30.5 |       35.6 |       44.6 |       51.2 |       44.2 |       26.7 |       12.1 |       10.6 |       10.9 |       11.9 |       12.1 |       13.1 |       13.5 |       13.9 |       14.1 |       14.6 |       14.6 |       15.1 |       15.1 |       15.2 |       15.3 |       15.7 |       15.9 |       15.8 |       15.8 |       15.9 |       16.0 |       15.9 |       16.2 |       16.4 |       16.3 |       16.3 |       16.5 |
defaultBtagMMNoIsoBBTTCutKine80_topDOWN|       19.4 |       19.3 |       19.5 |       19.4 |       19.9 |       19.9 |       20.4 |       20.3 |       20.4 |       20.8 |       20.8 |       21.2 |       21.7 |       22.1 |       22.7 |       23.4 |       24.3 |       25.4 |       27.3 |       30.5 |       35.6 |       44.6 |       51.2 |       44.2 |       26.7 |       12.1 |       10.6 |       10.9 |       11.9 |       12.1 |       13.1 |       13.5 |       13.9 |       14.1 |       14.6 |       14.6 |       15.1 |       15.1 |       15.2 |       15.3 |       15.7 |       15.9 |       15.8 |       15.8 |       15.9 |       16.0 |       15.9 |       16.2 |       16.4 |       16.3 |       16.3 |       16.5 |
defaultBtagLLNoIsoBBTTCutKine80_topUP  |       27.1 |       26.8 |       27.2 |       27.0 |       27.8 |       27.8 |       28.4 |       28.3 |       28.5 |       29.0 |       29.0 |       29.6 |       30.2 |       31.0 |       31.8 |       32.7 |       34.0 |       35.6 |       38.3 |       43.0 |       50.5 |       63.9 |       74.4 |       64.6 |       39.3 |       17.4 |       15.0 |       15.1 |       16.5 |       16.8 |       18.1 |       18.7 |       19.3 |       19.5 |       20.3 |       20.2 |       20.9 |       20.9 |       21.0 |       21.2 |       21.8 |       22.1 |       21.9 |       21.9 |       22.0 |       22.2 |       22.1 |       22.5 |       22.7 |       22.6 |       22.7 |       23.0 |
defaultBtagLLNoIsoBBTTCutKine80_topDOWN|       27.1 |       26.8 |       27.2 |       27.0 |       27.8 |       27.8 |       28.4 |       28.3 |       28.5 |       29.0 |       29.0 |       29.6 |       30.2 |       31.0 |       31.8 |       32.7 |       34.0 |       35.6 |       38.3 |       43.0 |       50.5 |       63.9 |       74.4 |       64.6 |       39.3 |       17.4 |       15.0 |       15.1 |       16.5 |       16.8 |       18.1 |       18.7 |       19.3 |       19.5 |       20.3 |       20.2 |       20.9 |       20.9 |       21.0 |       21.2 |       21.8 |       22.1 |       21.9 |       21.9 |       22.0 |       22.2 |       22.1 |       22.5 |       22.7 |       22.6 |       22.7 |       23.0 |

-====-====-====-====-====-====-====-====-====-====-====-====-====-

 EFFICIENCIES OF SIG EVENTS

                | HHrew0     | HHrew1     | HHrew2     | HHrew3     | HHrew4     | HHrew5     | HHrew6     | HHrew7     | HHrew8     | HHrew9     | HHrew10    | HHrew11    | HHrew12    | HHrew13    | HHrew14    | HHrew15    | HHrew16    | HHrew17    | HHrew18    | HHrew19    | HHrew20    | HHrew21    | HHrew22    | HHrew23    | HHrew24    | HHrew25    | HHrew26    | HHrew27    | HHrew28    | HHrew29    | HHrew30    | HHrew31    | HHrew32    | HHrew33    | HHrew34    | HHrew35    | HHrew36    | HHrew37    | HHrew38    | HHrew39    | HHrew40    | HHrew41    | HHrew42    | HHrew43    | HHrew44    | HHrew45    | HHrew46    | HHrew47    | HHrew48    | HHrew49    | HHrew50    | HHrew51    | 
defaultBtagLLNoIso|4.3 (1.8 %) |4.3 (1.8 %) |4.4 (1.8 %) |4.4 (1.8 %) |4.4 (1.8 %) |4.5 (1.8 %) |4.6 (1.8 %) |4.5 (1.8 %) |4.5 (1.8 %) |4.5 (1.8 %) |4.6 (1.8 %) |4.6 (1.8 %) |4.6 (1.9 %) |4.9 (1.9 %) |5.0 (1.9 %) |5.0 (1.9 %) |5.2 (1.9 %) |5.4 (1.9 %) |5.8 (1.9 %) |6.4 (2.0 %) |7.4 (2.1 %) |10.5 (2.2 %) |14.0 (2.2 %) |13.0 (2.1 %) |8.6 (1.9 %) |4.6 (1.6 %) |3.8 (1.6 %) |3.4 (1.6 %) |3.4 (1.6 %) |3.4 (1.6 %) |3.5 (1.6 %) |3.5 (1.7 %) |3.6 (1.7 %) |3.5 (1.7 %) |3.6 (1.7 %) |3.6 (1.7 %) |3.7 (1.7 %) |3.7 (1.7 %) |3.7 (1.7 %) |3.8 (1.7 %) |3.8 (1.7 %) |3.8 (1.7 %) |3.8 (1.7 %) |3.8 (1.7 %) |3.8 (1.7 %) |3.8 (1.7 %) |3.8 (1.7 %) |3.8 (1.7 %) |3.9 (1.7 %) |3.8 (1.7 %) |3.9 (1.7 %) |3.9 (1.7 %) |
defaultBtagLLNoIsoBBTTCut|3.4 (1.4 %) |3.3 (1.4 %) |3.4 (1.4 %) |3.4 (1.4 %) |3.4 (1.4 %) |3.4 (1.4 %) |3.6 (1.4 %) |3.5 (1.4 %) |3.4 (1.4 %) |3.5 (1.4 %) |3.5 (1.4 %) |3.5 (1.4 %) |3.6 (1.4 %) |3.8 (1.4 %) |3.8 (1.4 %) |3.9 (1.4 %) |4.0 (1.5 %) |4.2 (1.5 %) |4.5 (1.5 %) |5.0 (1.5 %) |5.7 (1.6 %) |8.0 (1.7 %) |10.8 (1.7 %) |10.1 (1.6 %) |6.7 (1.5 %) |3.6 (1.2 %) |3.0 (1.2 %) |2.6 (1.2 %) |2.6 (1.2 %) |2.6 (1.3 %) |2.7 (1.3 %) |2.7 (1.3 %) |2.8 (1.3 %) |2.7 (1.3 %) |2.8 (1.3 %) |2.8 (1.3 %) |2.9 (1.3 %) |2.9 (1.3 %) |2.8 (1.3 %) |2.9 (1.3 %) |2.9 (1.3 %) |3.0 (1.3 %) |2.9 (1.3 %) |2.9 (1.3 %) |2.9 (1.3 %) |3.0 (1.3 %) |2.9 (1.3 %) |3.0 (1.3 %) |3.0 (1.3 %) |3.0 (1.3 %) |3.0 (1.3 %) |3.0 (1.3 %) |
defaultBtagMMNoIsoBBTTCutKine90|2.0 (0.8 %) |2.0 (0.8 %) |2.0 (0.8 %) |2.0 (0.8 %) |2.1 (0.8 %) |2.1 (0.8 %) |2.2 (0.8 %) |2.1 (0.8 %) |2.1 (0.8 %) |2.1 (0.9 %) |2.1 (0.9 %) |2.1 (0.9 %) |2.2 (0.9 %) |2.3 (0.9 %) |2.4 (0.9 %) |2.4 (0.9 %) |2.5 (0.9 %) |2.6 (0.9 %) |2.8 (0.9 %) |3.2 (1.0 %) |3.7 (1.0 %) |5.3 (1.1 %) |7.2 (1.1 %) |6.5 (1.1 %) |4.0 (0.9 %) |1.9 (0.7 %) |1.6 (0.6 %) |1.4 (0.7 %) |1.4 (0.7 %) |1.4 (0.7 %) |1.5 (0.7 %) |1.5 (0.7 %) |1.6 (0.7 %) |1.6 (0.7 %) |1.6 (0.7 %) |1.6 (0.7 %) |1.6 (0.8 %) |1.7 (0.8 %) |1.6 (0.8 %) |1.7 (0.8 %) |1.7 (0.8 %) |1.7 (0.8 %) |1.7 (0.8 %) |1.7 (0.8 %) |1.7 (0.8 %) |1.7 (0.8 %) |1.7 (0.8 %) |1.7 (0.8 %) |1.7 (0.8 %) |1.7 (0.8 %) |1.7 (0.8 %) |1.8 (0.8 %) |
defaultBtagLLNoIsoBBTTCutKine90|2.8 (1.2 %) |2.8 (1.2 %) |2.9 (1.2 %) |2.9 (1.2 %) |2.9 (1.2 %) |2.9 (1.2 %) |3.0 (1.2 %) |2.9 (1.2 %) |2.9 (1.2 %) |3.0 (1.2 %) |3.0 (1.2 %) |3.0 (1.2 %) |3.1 (1.2 %) |3.3 (1.2 %) |3.3 (1.3 %) |3.4 (1.3 %) |3.5 (1.3 %) |3.7 (1.3 %) |4.0 (1.3 %) |4.5 (1.4 %) |5.3 (1.5 %) |7.7 (1.6 %) |10.5 (1.6 %) |9.6 (1.6 %) |5.9 (1.3 %) |2.8 (1.0 %) |2.2 (0.9 %) |2.0 (0.9 %) |2.0 (1.0 %) |2.0 (1.0 %) |2.1 (1.0 %) |2.2 (1.0 %) |2.2 (1.0 %) |2.2 (1.0 %) |2.3 (1.1 %) |2.2 (1.1 %) |2.3 (1.1 %) |2.3 (1.1 %) |2.3 (1.1 %) |2.4 (1.1 %) |2.4 (1.1 %) |2.4 (1.1 %) |2.4 (1.1 %) |2.4 (1.1 %) |2.4 (1.1 %) |2.4 (1.1 %) |2.4 (1.1 %) |2.4 (1.1 %) |2.5 (1.1 %) |2.4 (1.1 %) |2.5 (1.1 %) |2.5 (1.1 %) |
defaultBtagMMNoIsoBBTTCutKine80|1.6 (0.6 %) |1.5 (0.6 %) |1.6 (0.6 %) |1.6 (0.6 %) |1.6 (0.7 %) |1.6 (0.7 %) |1.7 (0.7 %) |1.6 (0.7 %) |1.6 (0.7 %) |1.7 (0.7 %) |1.7 (0.7 %) |1.7 (0.7 %) |1.7 (0.7 %) |1.8 (0.7 %) |1.9 (0.7 %) |1.9 (0.7 %) |2.0 (0.7 %) |2.1 (0.8 %) |2.3 (0.8 %) |2.7 (0.8 %) |3.2 (0.9 %) |4.8 (1.0 %) |6.7 (1.1 %) |6.1 (1.0 %) |3.5 (0.8 %) |1.4 (0.5 %) |1.0 (0.4 %) |0.9 (0.4 %) |1.0 (0.5 %) |1.0 (0.5 %) |1.0 (0.5 %) |1.1 (0.5 %) |1.1 (0.5 %) |1.1 (0.5 %) |1.2 (0.5 %) |1.1 (0.5 %) |1.2 (0.5 %) |1.2 (0.5 %) |1.2 (0.5 %) |1.2 (0.6 %) |1.2 (0.6 %) |1.3 (0.6 %) |1.2 (0.6 %) |1.2 (0.6 %) |1.2 (0.6 %) |1.3 (0.6 %) |1.3 (0.6 %) |1.3 (0.6 %) |1.3 (0.6 %) |1.3 (0.6 %) |1.3 (0.6 %) |1.3 (0.6 %) |
defaultBtagLLNoIsoBBTTCutKine80|2.2 (0.9 %) |2.1 (0.9 %) |2.2 (0.9 %) |2.2 (0.9 %) |2.2 (0.9 %) |2.2 (0.9 %) |2.4 (0.9 %) |2.3 (0.9 %) |2.3 (0.9 %) |2.3 (0.9 %) |2.4 (0.9 %) |2.4 (0.9 %) |2.4 (1.0 %) |2.6 (1.0 %) |2.6 (1.0 %) |2.7 (1.0 %) |2.8 (1.0 %) |3.0 (1.1 %) |3.3 (1.1 %) |3.8 (1.2 %) |4.6 (1.3 %) |6.9 (1.4 %) |9.8 (1.5 %) |8.9 (1.5 %) |5.2 (1.2 %) |1.9 (0.7 %) |1.5 (0.6 %) |1.3 (0.6 %) |1.3 (0.6 %) |1.4 (0.6 %) |1.4 (0.7 %) |1.5 (0.7 %) |1.5 (0.7 %) |1.5 (0.7 %) |1.6 (0.7 %) |1.6 (0.7 %) |1.6 (0.8 %) |1.7 (0.8 %) |1.6 (0.8 %) |1.7 (0.8 %) |1.7 (0.8 %) |1.7 (0.8 %) |1.7 (0.8 %) |1.7 (0.8 %) |1.7 (0.8 %) |1.8 (0.8 %) |1.7 (0.8 %) |1.8 (0.8 %) |1.8 (0.8 %) |1.8 (0.8 %) |1.8 (0.8 %) |1.8 (0.8 %) |
defaultBtagLLNoIso_topUP       |4.3 (1.8 %) |4.3 (1.8 %) |4.4 (1.8 %) |4.4 (1.8 %) |4.4 (1.8 %) |4.5 (1.8 %) |4.6 (1.8 %) |4.5 (1.8 %) |4.5 (1.8 %) |4.5 (1.8 %) |4.6 (1.8 %) |4.6 (1.8 %) |4.6 (1.9 %) |4.9 (1.9 %) |5.0 (1.9 %) |5.0 (1.9 %) |5.2 (1.9 %) |5.4 (1.9 %) |5.8 (1.9 %) |6.4 (2.0 %) |7.4 (2.1 %) |10.5 (2.2 %) |14.0 (2.2 %) |13.0 (2.1 %) |8.6 (1.9 %) |4.6 (1.6 %) |3.8 (1.6 %) |3.4 (1.6 %) |3.4 (1.6 %) |3.4 (1.6 %) |3.5 (1.6 %) |3.5 (1.7 %) |3.6 (1.7 %) |3.5 (1.7 %) |3.6 (1.7 %) |3.6 (1.7 %) |3.7 (1.7 %) |3.7 (1.7 %) |3.7 (1.7 %) |3.8 (1.7 %) |3.8 (1.7 %) |3.8 (1.7 %) |3.8 (1.7 %) |3.8 (1.7 %) |3.8 (1.7 %) |3.8 (1.7 %) |3.8 (1.7 %) |3.8 (1.7 %) |3.9 (1.7 %) |3.8 (1.7 %) |3.9 (1.7 %) |3.9 (1.7 %) |
defaultBtagLLNoIso_topDOWN     |4.3 (1.8 %) |4.3 (1.8 %) |4.4 (1.8 %) |4.4 (1.8 %) |4.4 (1.8 %) |4.5 (1.8 %) |4.6 (1.8 %) |4.5 (1.8 %) |4.5 (1.8 %) |4.5 (1.8 %) |4.6 (1.8 %) |4.6 (1.8 %) |4.6 (1.9 %) |4.9 (1.9 %) |5.0 (1.9 %) |5.0 (1.9 %) |5.2 (1.9 %) |5.4 (1.9 %) |5.8 (1.9 %) |6.4 (2.0 %) |7.4 (2.1 %) |10.5 (2.2 %) |14.0 (2.2 %) |13.0 (2.1 %) |8.6 (1.9 %) |4.6 (1.6 %) |3.8 (1.6 %) |3.4 (1.6 %) |3.4 (1.6 %) |3.4 (1.6 %) |3.5 (1.6 %) |3.5 (1.7 %) |3.6 (1.7 %) |3.5 (1.7 %) |3.6 (1.7 %) |3.6 (1.7 %) |3.7 (1.7 %) |3.7 (1.7 %) |3.7 (1.7 %) |3.8 (1.7 %) |3.8 (1.7 %) |3.8 (1.7 %) |3.8 (1.7 %) |3.8 (1.7 %) |3.8 (1.7 %) |3.8 (1.7 %) |3.8 (1.7 %) |3.8 (1.7 %) |3.9 (1.7 %) |3.8 (1.7 %) |3.9 (1.7 %) |3.9 (1.7 %) |
defaultBtagLLNoIsoBBTTCut_topUP|3.4 (1.4 %) |3.3 (1.4 %) |3.4 (1.4 %) |3.4 (1.4 %) |3.4 (1.4 %) |3.4 (1.4 %) |3.6 (1.4 %) |3.5 (1.4 %) |3.4 (1.4 %) |3.5 (1.4 %) |3.5 (1.4 %) |3.5 (1.4 %) |3.6 (1.4 %) |3.8 (1.4 %) |3.8 (1.4 %) |3.9 (1.4 %) |4.0 (1.5 %) |4.2 (1.5 %) |4.5 (1.5 %) |5.0 (1.5 %) |5.7 (1.6 %) |8.0 (1.7 %) |10.8 (1.7 %) |10.1 (1.6 %) |6.7 (1.5 %) |3.6 (1.2 %) |3.0 (1.2 %) |2.6 (1.2 %) |2.6 (1.2 %) |2.6 (1.3 %) |2.7 (1.3 %) |2.7 (1.3 %) |2.8 (1.3 %) |2.7 (1.3 %) |2.8 (1.3 %) |2.8 (1.3 %) |2.9 (1.3 %) |2.9 (1.3 %) |2.8 (1.3 %) |2.9 (1.3 %) |2.9 (1.3 %) |3.0 (1.3 %) |2.9 (1.3 %) |2.9 (1.3 %) |2.9 (1.3 %) |3.0 (1.3 %) |2.9 (1.3 %) |3.0 (1.3 %) |3.0 (1.3 %) |3.0 (1.3 %) |3.0 (1.3 %) |3.0 (1.3 %) |
defaultBtagLLNoIsoBBTTCut_topDOWN|3.4 (1.4 %) |3.3 (1.4 %) |3.4 (1.4 %) |3.4 (1.4 %) |3.4 (1.4 %) |3.4 (1.4 %) |3.6 (1.4 %) |3.5 (1.4 %) |3.4 (1.4 %) |3.5 (1.4 %) |3.5 (1.4 %) |3.5 (1.4 %) |3.6 (1.4 %) |3.8 (1.4 %) |3.8 (1.4 %) |3.9 (1.4 %) |4.0 (1.5 %) |4.2 (1.5 %) |4.5 (1.5 %) |5.0 (1.5 %) |5.7 (1.6 %) |8.0 (1.7 %) |10.8 (1.7 %) |10.1 (1.6 %) |6.7 (1.5 %) |3.6 (1.2 %) |3.0 (1.2 %) |2.6 (1.2 %) |2.6 (1.2 %) |2.6 (1.3 %) |2.7 (1.3 %) |2.7 (1.3 %) |2.8 (1.3 %) |2.7 (1.3 %) |2.8 (1.3 %) |2.8 (1.3 %) |2.9 (1.3 %) |2.9 (1.3 %) |2.8 (1.3 %) |2.9 (1.3 %) |2.9 (1.3 %) |3.0 (1.3 %) |2.9 (1.3 %) |2.9 (1.3 %) |2.9 (1.3 %) |3.0 (1.3 %) |2.9 (1.3 %) |3.0 (1.3 %) |3.0 (1.3 %) |3.0 (1.3 %) |3.0 (1.3 %) |3.0 (1.3 %) |
defaultBtagMMNoIsoBBTTCutKine90_topUP|2.0 (0.8 %) |2.0 (0.8 %) |2.0 (0.8 %) |2.0 (0.8 %) |2.1 (0.8 %) |2.1 (0.8 %) |2.2 (0.8 %) |2.1 (0.8 %) |2.1 (0.8 %) |2.1 (0.9 %) |2.1 (0.9 %) |2.1 (0.9 %) |2.2 (0.9 %) |2.3 (0.9 %) |2.4 (0.9 %) |2.4 (0.9 %) |2.5 (0.9 %) |2.6 (0.9 %) |2.8 (0.9 %) |3.2 (1.0 %) |3.7 (1.0 %) |5.3 (1.1 %) |7.2 (1.1 %) |6.5 (1.1 %) |4.0 (0.9 %) |1.9 (0.7 %) |1.6 (0.6 %) |1.4 (0.7 %) |1.4 (0.7 %) |1.4 (0.7 %) |1.5 (0.7 %) |1.5 (0.7 %) |1.6 (0.7 %) |1.6 (0.7 %) |1.6 (0.7 %) |1.6 (0.7 %) |1.6 (0.8 %) |1.7 (0.8 %) |1.6 (0.8 %) |1.7 (0.8 %) |1.7 (0.8 %) |1.7 (0.8 %) |1.7 (0.8 %) |1.7 (0.8 %) |1.7 (0.8 %) |1.7 (0.8 %) |1.7 (0.8 %) |1.7 (0.8 %) |1.7 (0.8 %) |1.7 (0.8 %) |1.7 (0.8 %) |1.8 (0.8 %) |
defaultBtagMMNoIsoBBTTCutKine90_topDOWN|2.0 (0.8 %) |2.0 (0.8 %) |2.0 (0.8 %) |2.0 (0.8 %) |2.1 (0.8 %) |2.1 (0.8 %) |2.2 (0.8 %) |2.1 (0.8 %) |2.1 (0.8 %) |2.1 (0.9 %) |2.1 (0.9 %) |2.1 (0.9 %) |2.2 (0.9 %) |2.3 (0.9 %) |2.4 (0.9 %) |2.4 (0.9 %) |2.5 (0.9 %) |2.6 (0.9 %) |2.8 (0.9 %) |3.2 (1.0 %) |3.7 (1.0 %) |5.3 (1.1 %) |7.2 (1.1 %) |6.5 (1.1 %) |4.0 (0.9 %) |1.9 (0.7 %) |1.6 (0.6 %) |1.4 (0.7 %) |1.4 (0.7 %) |1.4 (0.7 %) |1.5 (0.7 %) |1.5 (0.7 %) |1.6 (0.7 %) |1.6 (0.7 %) |1.6 (0.7 %) |1.6 (0.7 %) |1.6 (0.8 %) |1.7 (0.8 %) |1.6 (0.8 %) |1.7 (0.8 %) |1.7 (0.8 %) |1.7 (0.8 %) |1.7 (0.8 %) |1.7 (0.8 %) |1.7 (0.8 %) |1.7 (0.8 %) |1.7 (0.8 %) |1.7 (0.8 %) |1.7 (0.8 %) |1.7 (0.8 %) |1.7 (0.8 %) |1.8 (0.8 %) |
defaultBtagLLNoIsoBBTTCutKine90_topUP  |2.8 (1.2 %) |2.8 (1.2 %) |2.9 (1.2 %) |2.9 (1.2 %) |2.9 (1.2 %) |2.9 (1.2 %) |3.0 (1.2 %) |2.9 (1.2 %) |2.9 (1.2 %) |3.0 (1.2 %) |3.0 (1.2 %) |3.0 (1.2 %) |3.1 (1.2 %) |3.3 (1.2 %) |3.3 (1.3 %) |3.4 (1.3 %) |3.5 (1.3 %) |3.7 (1.3 %) |4.0 (1.3 %) |4.5 (1.4 %) |5.3 (1.5 %) |7.7 (1.6 %) |10.5 (1.6 %) |9.6 (1.6 %) |5.9 (1.3 %) |2.8 (1.0 %) |2.2 (0.9 %) |2.0 (0.9 %) |2.0 (1.0 %) |2.0 (1.0 %) |2.1 (1.0 %) |2.2 (1.0 %) |2.2 (1.0 %) |2.2 (1.0 %) |2.3 (1.1 %) |2.2 (1.1 %) |2.3 (1.1 %) |2.3 (1.1 %) |2.3 (1.1 %) |2.4 (1.1 %) |2.4 (1.1 %) |2.4 (1.1 %) |2.4 (1.1 %) |2.4 (1.1 %) |2.4 (1.1 %) |2.4 (1.1 %) |2.4 (1.1 %) |2.4 (1.1 %) |2.5 (1.1 %) |2.4 (1.1 %) |2.5 (1.1 %) |2.5 (1.1 %) |
defaultBtagLLNoIsoBBTTCutKine90_topDOWN|2.8 (1.2 %) |2.8 (1.2 %) |2.9 (1.2 %) |2.9 (1.2 %) |2.9 (1.2 %) |2.9 (1.2 %) |3.0 (1.2 %) |2.9 (1.2 %) |2.9 (1.2 %) |3.0 (1.2 %) |3.0 (1.2 %) |3.0 (1.2 %) |3.1 (1.2 %) |3.3 (1.2 %) |3.3 (1.3 %) |3.4 (1.3 %) |3.5 (1.3 %) |3.7 (1.3 %) |4.0 (1.3 %) |4.5 (1.4 %) |5.3 (1.5 %) |7.7 (1.6 %) |10.5 (1.6 %) |9.6 (1.6 %) |5.9 (1.3 %) |2.8 (1.0 %) |2.2 (0.9 %) |2.0 (0.9 %) |2.0 (1.0 %) |2.0 (1.0 %) |2.1 (1.0 %) |2.2 (1.0 %) |2.2 (1.0 %) |2.2 (1.0 %) |2.3 (1.1 %) |2.2 (1.1 %) |2.3 (1.1 %) |2.3 (1.1 %) |2.3 (1.1 %) |2.4 (1.1 %) |2.4 (1.1 %) |2.4 (1.1 %) |2.4 (1.1 %) |2.4 (1.1 %) |2.4 (1.1 %) |2.4 (1.1 %) |2.4 (1.1 %) |2.4 (1.1 %) |2.5 (1.1 %) |2.4 (1.1 %) |2.5 (1.1 %) |2.5 (1.1 %) |
defaultBtagMMNoIsoBBTTCutKine80_topUP  |1.6 (0.6 %) |1.5 (0.6 %) |1.6 (0.6 %) |1.6 (0.6 %) |1.6 (0.7 %) |1.6 (0.7 %) |1.7 (0.7 %) |1.6 (0.7 %) |1.6 (0.7 %) |1.7 (0.7 %) |1.7 (0.7 %) |1.7 (0.7 %) |1.7 (0.7 %) |1.8 (0.7 %) |1.9 (0.7 %) |1.9 (0.7 %) |2.0 (0.7 %) |2.1 (0.8 %) |2.3 (0.8 %) |2.7 (0.8 %) |3.2 (0.9 %) |4.8 (1.0 %) |6.7 (1.1 %) |6.1 (1.0 %) |3.5 (0.8 %) |1.4 (0.5 %) |1.0 (0.4 %) |0.9 (0.4 %) |1.0 (0.5 %) |1.0 (0.5 %) |1.0 (0.5 %) |1.1 (0.5 %) |1.1 (0.5 %) |1.1 (0.5 %) |1.2 (0.5 %) |1.1 (0.5 %) |1.2 (0.5 %) |1.2 (0.5 %) |1.2 (0.5 %) |1.2 (0.6 %) |1.2 (0.6 %) |1.3 (0.6 %) |1.2 (0.6 %) |1.2 (0.6 %) |1.2 (0.6 %) |1.3 (0.6 %) |1.3 (0.6 %) |1.3 (0.6 %) |1.3 (0.6 %) |1.3 (0.6 %) |1.3 (0.6 %) |1.3 (0.6 %) |
defaultBtagMMNoIsoBBTTCutKine80_topDOWN|1.6 (0.6 %) |1.5 (0.6 %) |1.6 (0.6 %) |1.6 (0.6 %) |1.6 (0.7 %) |1.6 (0.7 %) |1.7 (0.7 %) |1.6 (0.7 %) |1.6 (0.7 %) |1.7 (0.7 %) |1.7 (0.7 %) |1.7 (0.7 %) |1.7 (0.7 %) |1.8 (0.7 %) |1.9 (0.7 %) |1.9 (0.7 %) |2.0 (0.7 %) |2.1 (0.8 %) |2.3 (0.8 %) |2.7 (0.8 %) |3.2 (0.9 %) |4.8 (1.0 %) |6.7 (1.1 %) |6.1 (1.0 %) |3.5 (0.8 %) |1.4 (0.5 %) |1.0 (0.4 %) |0.9 (0.4 %) |1.0 (0.5 %) |1.0 (0.5 %) |1.0 (0.5 %) |1.1 (0.5 %) |1.1 (0.5 %) |1.1 (0.5 %) |1.2 (0.5 %) |1.1 (0.5 %) |1.2 (0.5 %) |1.2 (0.5 %) |1.2 (0.5 %) |1.2 (0.6 %) |1.2 (0.6 %) |1.3 (0.6 %) |1.2 (0.6 %) |1.2 (0.6 %) |1.2 (0.6 %) |1.3 (0.6 %) |1.3 (0.6 %) |1.3 (0.6 %) |1.3 (0.6 %) |1.3 (0.6 %) |1.3 (0.6 %) |1.3 (0.6 %) |
defaultBtagLLNoIsoBBTTCutKine80_topUP  |2.2 (0.9 %) |2.1 (0.9 %) |2.2 (0.9 %) |2.2 (0.9 %) |2.2 (0.9 %) |2.2 (0.9 %) |2.4 (0.9 %) |2.3 (0.9 %) |2.3 (0.9 %) |2.3 (0.9 %) |2.4 (0.9 %) |2.4 (0.9 %) |2.4 (1.0 %) |2.6 (1.0 %) |2.6 (1.0 %) |2.7 (1.0 %) |2.8 (1.0 %) |3.0 (1.1 %) |3.3 (1.1 %) |3.8 (1.2 %) |4.6 (1.3 %) |6.9 (1.4 %) |9.8 (1.5 %) |8.9 (1.5 %) |5.2 (1.2 %) |1.9 (0.7 %) |1.5 (0.6 %) |1.3 (0.6 %) |1.3 (0.6 %) |1.4 (0.6 %) |1.4 (0.7 %) |1.5 (0.7 %) |1.5 (0.7 %) |1.5 (0.7 %) |1.6 (0.7 %) |1.6 (0.7 %) |1.6 (0.8 %) |1.7 (0.8 %) |1.6 (0.8 %) |1.7 (0.8 %) |1.7 (0.8 %) |1.7 (0.8 %) |1.7 (0.8 %) |1.7 (0.8 %) |1.7 (0.8 %) |1.8 (0.8 %) |1.7 (0.8 %) |1.8 (0.8 %) |1.8 (0.8 %) |1.8 (0.8 %) |1.8 (0.8 %) |1.8 (0.8 %) |
defaultBtagLLNoIsoBBTTCutKine80_topDOWN|2.2 (0.9 %) |2.1 (0.9 %) |2.2 (0.9 %) |2.2 (0.9 %) |2.2 (0.9 %) |2.2 (0.9 %) |2.4 (0.9 %) |2.3 (0.9 %) |2.3 (0.9 %) |2.3 (0.9 %) |2.4 (0.9 %) |2.4 (0.9 %) |2.4 (1.0 %) |2.6 (1.0 %) |2.6 (1.0 %) |2.7 (1.0 %) |2.8 (1.0 %) |3.0 (1.1 %) |3.3 (1.1 %) |3.8 (1.2 %) |4.6 (1.3 %) |6.9 (1.4 %) |9.8 (1.5 %) |8.9 (1.5 %) |5.2 (1.2 %) |1.9 (0.7 %) |1.5 (0.6 %) |1.3 (0.6 %) |1.3 (0.6 %) |1.4 (0.6 %) |1.4 (0.7 %) |1.5 (0.7 %) |1.5 (0.7 %) |1.5 (0.7 %) |1.6 (0.7 %) |1.6 (0.7 %) |1.6 (0.8 %) |1.7 (0.8 %) |1.6 (0.8 %) |1.7 (0.8 %) |1.7 (0.8 %) |1.7 (0.8 %) |1.7 (0.8 %) |1.7 (0.8 %) |1.7 (0.8 %) |1.8 (0.8 %) |1.7 (0.8 %) |1.8 (0.8 %) |1.8 (0.8 %) |1.8 (0.8 %) |1.8 (0.8 %) |1.8 (0.8 %) |

-====-====-====-====-====-====-====-====-====-====-====-====-====-

 EXPECTED NUMBER OF BKG EVENTS

                | DY0b       | DY1b       | DY2b       | WJetsIncl  | WJets10020 | WJets20040 | WJets40060 | WJets600In | TT         | TWtop      | TWantitop  | WWToLNuQQ  | WZTo1L1Nu2 | WZTo1L3Nu  | WZTo2L2Q   | ZZTo2L2Q   | ZZTo4L     | QCD        | 
defaultBtagLLNoIso|       10.5 |        5.3 |        4.3 |        6.9 |       10.8 |       17.5 |        4.0 |        1.6 |      869.0 |       16.8 |       18.0 |          -0.1 |        0.5 |         0.0 |        0.3 |        0.3 |         0.0 |       75.0 |
defaultBtagLLNoIsoBBTTCut|        2.9 |        2.0 |        1.3 |          0.0 |        2.2 |        2.6 |        0.5 |        0.1 |      175.9 |        3.4 |        2.6 |          -0.0 |         0.1 |          0.0 |         0.1 |        0.1 |          0.0 |       12.4 |
defaultBtagMMNoIsoBBTTCutKine90|        0.2 |         0.0 |        1.2 |          0.0 |          0.0 |        0.2 |          0.0 |          0.0 |       40.4 |        0.6 |        0.6 |          0.0 |          -0.0 |          0.0 |          0.0 |         0.0 |          0.0 |        3.5 |
defaultBtagLLNoIsoBBTTCutKine90|        1.7 |        1.1 |        0.9 |          0.0 |        1.0 |        1.4 |        0.2 |         0.1 |       65.7 |        1.7 |        1.1 |          -0.0 |         0.0 |          0.0 |         0.1 |        0.1 |          0.0 |        8.7 |
defaultBtagMMNoIsoBBTTCutKine80|         0.0 |         0.0 |        0.7 |          0.0 |          0.0 |        0.2 |          0.0 |          0.0 |       16.0 |        0.3 |         0.1 |          0.0 |          -0.0 |          0.0 |          0.0 |         0.0 |          0.0 |        3.9 |
defaultBtagLLNoIsoBBTTCutKine80|        1.3 |        0.6 |        0.5 |          0.0 |          0.0 |        0.9 |         0.1 |         0.1 |       26.2 |        0.7 |        0.5 |          -0.0 |          0.0 |          0.0 |         0.0 |         0.1 |           0.0 |        5.8 |
defaultBtagLLNoIso_topUP       |       10.5 |        5.3 |        4.3 |        6.9 |       10.8 |       17.5 |        4.0 |        1.6 |      859.1 |       16.8 |       18.0 |          -0.1 |        0.5 |         0.0 |        0.3 |        0.3 |         0.0 |       75.8 |
defaultBtagLLNoIso_topDOWN     |       10.5 |        5.3 |        4.3 |        6.9 |       10.8 |       17.5 |        4.0 |        1.6 |      886.6 |       16.8 |       18.0 |          -0.1 |        0.5 |         0.0 |        0.3 |        0.3 |         0.0 |       72.8 |
defaultBtagLLNoIsoBBTTCut_topUP|        2.9 |        2.0 |        1.3 |          0.0 |        2.2 |        2.6 |        0.5 |        0.1 |      179.0 |        3.4 |        2.6 |          -0.0 |         0.1 |          0.0 |         0.1 |        0.1 |          0.0 |       11.8 |
defaultBtagLLNoIsoBBTTCut_topDOWN|        2.9 |        2.0 |        1.3 |          0.0 |        2.2 |        2.6 |        0.5 |        0.1 |      173.6 |        3.4 |        2.6 |          -0.0 |         0.1 |          0.0 |         0.1 |        0.1 |          0.0 |       12.7 |
defaultBtagMMNoIsoBBTTCutKine90_topUP|        0.2 |         0.0 |        1.2 |          0.0 |          0.0 |        0.2 |          0.0 |          0.0 |       40.8 |        0.6 |        0.6 |          0.0 |          -0.0 |          0.0 |          0.0 |         0.0 |          0.0 |        3.5 |
defaultBtagMMNoIsoBBTTCutKine90_topDOWN|        0.2 |         0.0 |        1.2 |          0.0 |          0.0 |        0.2 |          0.0 |          0.0 |       40.3 |        0.6 |        0.6 |          0.0 |          -0.0 |          0.0 |          0.0 |         0.0 |          0.0 |        3.4 |
defaultBtagLLNoIsoBBTTCutKine90_topUP  |        1.7 |        1.1 |        0.9 |          0.0 |        1.0 |        1.4 |        0.2 |         0.1 |       66.1 |        1.7 |        1.1 |          -0.0 |         0.0 |          0.0 |         0.1 |        0.1 |          0.0 |        8.8 |
defaultBtagLLNoIsoBBTTCutKine90_topDOWN|        1.7 |        1.1 |        0.9 |          0.0 |        1.0 |        1.4 |        0.2 |         0.1 |       65.7 |        1.7 |        1.1 |          -0.0 |         0.0 |          0.0 |         0.1 |        0.1 |          0.0 |        8.5 |
defaultBtagMMNoIsoBBTTCutKine80_topUP  |         0.0 |         0.0 |        0.7 |          0.0 |          0.0 |        0.2 |          0.0 |          0.0 |       16.0 |        0.3 |         0.1 |          0.0 |          -0.0 |          0.0 |          0.0 |         0.0 |          0.0 |        4.0 |
defaultBtagMMNoIsoBBTTCutKine80_topDOWN|         0.0 |         0.0 |        0.7 |          0.0 |          0.0 |        0.2 |          0.0 |          0.0 |       16.2 |        0.3 |         0.1 |          0.0 |          -0.0 |          0.0 |          0.0 |         0.0 |          0.0 |        3.8 |
defaultBtagLLNoIsoBBTTCutKine80_topUP  |        1.3 |        0.6 |        0.5 |          0.0 |          0.0 |        0.9 |         0.1 |         0.1 |       26.0 |        0.7 |        0.5 |          -0.0 |          0.0 |          0.0 |         0.0 |         0.1 |           0.0 |        6.0 |
defaultBtagLLNoIsoBBTTCutKine80_topDOWN|        1.3 |        0.6 |        0.5 |          0.0 |          0.0 |        0.9 |         0.1 |         0.1 |       26.6 |        0.7 |        0.5 |          -0.0 |          0.0 |          0.0 |         0.0 |         0.1 |           0.0 |        5.5 |

-====-====-====-====-====-====-====-====-====-====-====-====-====-

 EFFICIENCIES OF BKG EVENTS

                | DY0b       | DY1b       | DY2b       | WJetsIncl  | WJets10020 | WJets20040 | WJets40060 | WJets600In | TT         | TWtop      | TWantitop  | WWToLNuQQ  | WZTo1L1Nu2 | WZTo1L3Nu  | WZTo2L2Q   | ZZTo2L2Q   | ZZTo4L     | 
defaultBtagLLNoIso|0.0 (0.0 %) |0.0 (0.1 %) |0.0 (0.2 %) |0.0 (0.0 %) |0.0 (0.0 %) |0.0 (0.0 %) |0.0 (0.0 %) |0.0 (0.0 %) |0.0 (0.3 %) |0.0 (0.2 %) |0.0 (0.2 %) |-0.0 (-0.0 %) |0.0 (0.0 %) |0.0 (0.0 %) |0.0 (0.0 %) |0.0 (0.1 %) |0.0 (0.0 %) |
defaultBtagLLNoIsoBBTTCut|0.0 (0.0 %) |0.0 (0.0 %) |0.0 (0.1 %) |0.0 (0.0 %) |0.0 (0.0 %) |0.0 (0.0 %) |0.0 (0.0 %) |0.0 (0.0 %) |0.0 (0.1 %) |0.0 (0.0 %) |0.0 (0.0 %) |-0.0 (-0.0 %) |0.0 (0.0 %) |0.0 (0.0 %) |0.0 (0.0 %) |0.0 (0.0 %) |0.0 (0.0 %) |
defaultBtagMMNoIsoBBTTCutKine90|0.0 (0.0 %) |0.0 (0.0 %) |0.0 (0.1 %) |0.0 (0.0 %) |0.0 (0.0 %) |0.0 (0.0 %) |0.0 (0.0 %) |0.0 (0.0 %) |0.0 (0.0 %) |0.0 (0.0 %) |0.0 (0.0 %) |0.0 (0.0 %) |-0.0 (-0.0 %) |0.0 (0.0 %) |0.0 (0.0 %) |0.0 (0.0 %) |0.0 (0.0 %) |
defaultBtagLLNoIsoBBTTCutKine90|0.0 (0.0 %) |0.0 (0.0 %) |0.0 (0.0 %) |0.0 (0.0 %) |0.0 (0.0 %) |0.0 (0.0 %) |0.0 (0.0 %) |0.0 (0.0 %) |0.0 (0.0 %) |0.0 (0.0 %) |0.0 (0.0 %) |-0.0 (-0.0 %) |0.0 (0.0 %) |0.0 (0.0 %) |0.0 (0.0 %) |0.0 (0.0 %) |0.0 (0.0 %) |
defaultBtagMMNoIsoBBTTCutKine80|0.0 (0.0 %) |0.0 (0.0 %) |0.0 (0.0 %) |0.0 (0.0 %) |0.0 (0.0 %) |0.0 (0.0 %) |0.0 (0.0 %) |0.0 (0.0 %) |0.0 (0.0 %) |0.0 (0.0 %) |0.0 (0.0 %) |0.0 (0.0 %) |-0.0 (-0.0 %) |0.0 (0.0 %) |0.0 (0.0 %) |0.0 (0.0 %) |0.0 (0.0 %) |
defaultBtagLLNoIsoBBTTCutKine80|0.0 (0.0 %) |0.0 (0.0 %) |0.0 (0.0 %) |0.0 (0.0 %) |0.0 (0.0 %) |0.0 (0.0 %) |0.0 (0.0 %) |0.0 (0.0 %) |0.0 (0.0 %) |0.0 (0.0 %) |0.0 (0.0 %) |-0.0 (-0.0 %) |0.0 (0.0 %) |0.0 (0.0 %) |0.0 (0.0 %) |0.0 (0.0 %) |0.0 (0.0 %) |
defaultBtagLLNoIso_topUP       |0.0 (0.0 %) |0.0 (0.1 %) |0.0 (0.2 %) |0.0 (0.0 %) |0.0 (0.0 %) |0.0 (0.0 %) |0.0 (0.0 %) |0.0 (0.0 %) |0.0 (0.3 %) |0.0 (0.2 %) |0.0 (0.2 %) |-0.0 (-0.0 %) |0.0 (0.0 %) |0.0 (0.0 %) |0.0 (0.0 %) |0.0 (0.1 %) |0.0 (0.0 %) |
defaultBtagLLNoIso_topDOWN     |0.0 (0.0 %) |0.0 (0.1 %) |0.0 (0.2 %) |0.0 (0.0 %) |0.0 (0.0 %) |0.0 (0.0 %) |0.0 (0.0 %) |0.0 (0.0 %) |0.0 (0.3 %) |0.0 (0.2 %) |0.0 (0.2 %) |-0.0 (-0.0 %) |0.0 (0.0 %) |0.0 (0.0 %) |0.0 (0.0 %) |0.0 (0.1 %) |0.0 (0.0 %) |
defaultBtagLLNoIsoBBTTCut_topUP|0.0 (0.0 %) |0.0 (0.0 %) |0.0 (0.1 %) |0.0 (0.0 %) |0.0 (0.0 %) |0.0 (0.0 %) |0.0 (0.0 %) |0.0 (0.0 %) |0.0 (0.1 %) |0.0 (0.0 %) |0.0 (0.0 %) |-0.0 (-0.0 %) |0.0 (0.0 %) |0.0 (0.0 %) |0.0 (0.0 %) |0.0 (0.0 %) |0.0 (0.0 %) |
defaultBtagLLNoIsoBBTTCut_topDOWN|0.0 (0.0 %) |0.0 (0.0 %) |0.0 (0.1 %) |0.0 (0.0 %) |0.0 (0.0 %) |0.0 (0.0 %) |0.0 (0.0 %) |0.0 (0.0 %) |0.0 (0.1 %) |0.0 (0.0 %) |0.0 (0.0 %) |-0.0 (-0.0 %) |0.0 (0.0 %) |0.0 (0.0 %) |0.0 (0.0 %) |0.0 (0.0 %) |0.0 (0.0 %) |
defaultBtagMMNoIsoBBTTCutKine90_topUP|0.0 (0.0 %) |0.0 (0.0 %) |0.0 (0.1 %) |0.0 (0.0 %) |0.0 (0.0 %) |0.0 (0.0 %) |0.0 (0.0 %) |0.0 (0.0 %) |0.0 (0.0 %) |0.0 (0.0 %) |0.0 (0.0 %) |0.0 (0.0 %) |-0.0 (-0.0 %) |0.0 (0.0 %) |0.0 (0.0 %) |0.0 (0.0 %) |0.0 (0.0 %) |
defaultBtagMMNoIsoBBTTCutKine90_topDOWN|0.0 (0.0 %) |0.0 (0.0 %) |0.0 (0.1 %) |0.0 (0.0 %) |0.0 (0.0 %) |0.0 (0.0 %) |0.0 (0.0 %) |0.0 (0.0 %) |0.0 (0.0 %) |0.0 (0.0 %) |0.0 (0.0 %) |0.0 (0.0 %) |-0.0 (-0.0 %) |0.0 (0.0 %) |0.0 (0.0 %) |0.0 (0.0 %) |0.0 (0.0 %) |
defaultBtagLLNoIsoBBTTCutKine90_topUP  |0.0 (0.0 %) |0.0 (0.0 %) |0.0 (0.0 %) |0.0 (0.0 %) |0.0 (0.0 %) |0.0 (0.0 %) |0.0 (0.0 %) |0.0 (0.0 %) |0.0 (0.0 %) |0.0 (0.0 %) |0.0 (0.0 %) |-0.0 (-0.0 %) |0.0 (0.0 %) |0.0 (0.0 %) |0.0 (0.0 %) |0.0 (0.0 %) |0.0 (0.0 %) |
defaultBtagLLNoIsoBBTTCutKine90_topDOWN|0.0 (0.0 %) |0.0 (0.0 %) |0.0 (0.0 %) |0.0 (0.0 %) |0.0 (0.0 %) |0.0 (0.0 %) |0.0 (0.0 %) |0.0 (0.0 %) |0.0 (0.0 %) |0.0 (0.0 %) |0.0 (0.0 %) |-0.0 (-0.0 %) |0.0 (0.0 %) |0.0 (0.0 %) |0.0 (0.0 %) |0.0 (0.0 %) |0.0 (0.0 %) |
defaultBtagMMNoIsoBBTTCutKine80_topUP  |0.0 (0.0 %) |0.0 (0.0 %) |0.0 (0.0 %) |0.0 (0.0 %) |0.0 (0.0 %) |0.0 (0.0 %) |0.0 (0.0 %) |0.0 (0.0 %) |0.0 (0.0 %) |0.0 (0.0 %) |0.0 (0.0 %) |0.0 (0.0 %) |-0.0 (-0.0 %) |0.0 (0.0 %) |0.0 (0.0 %) |0.0 (0.0 %) |0.0 (0.0 %) |
defaultBtagMMNoIsoBBTTCutKine80_topDOWN|0.0 (0.0 %) |0.0 (0.0 %) |0.0 (0.0 %) |0.0 (0.0 %) |0.0 (0.0 %) |0.0 (0.0 %) |0.0 (0.0 %) |0.0 (0.0 %) |0.0 (0.0 %) |0.0 (0.0 %) |0.0 (0.0 %) |0.0 (0.0 %) |-0.0 (-0.0 %) |0.0 (0.0 %) |0.0 (0.0 %) |0.0 (0.0 %) |0.0 (0.0 %) |
defaultBtagLLNoIsoBBTTCutKine80_topUP  |0.0 (0.0 %) |0.0 (0.0 %) |0.0 (0.0 %) |0.0 (0.0 %) |0.0 (0.0 %) |0.0 (0.0 %) |0.0 (0.0 %) |0.0 (0.0 %) |0.0 (0.0 %) |0.0 (0.0 %) |0.0 (0.0 %) |-0.0 (-0.0 %) |0.0 (0.0 %) |0.0 (0.0 %) |0.0 (0.0 %) |0.0 (0.0 %) |0.0 (0.0 %) |
defaultBtagLLNoIsoBBTTCutKine80_topDOWN|0.0 (0.0 %) |0.0 (0.0 %) |0.0 (0.0 %) |0.0 (0.0 %) |0.0 (0.0 %) |0.0 (0.0 %) |0.0 (0.0 %) |0.0 (0.0 %) |0.0 (0.0 %) |0.0 (0.0 %) |0.0 (0.0 %) |-0.0 (-0.0 %) |0.0 (0.0 %) |0.0 (0.0 %) |0.0 (0.0 %) |0.0 (0.0 %) |0.0 (0.0 %) |

-====-====-====-====-====-====-====-====-====-====-====-====-====-

 OBSERVED NUMBER OF EVENTS

                | DsingleEle | DsingleEle | 
defaultBtagLLNoIso|        6.0 |     1033.0 |
defaultBtagLLNoIsoBBTTCut|        1.0 |      187.0 |
defaultBtagMMNoIsoBBTTCutKine90|          0.0 |       41.0 |
defaultBtagLLNoIsoBBTTCutKine90|          0.0 |       76.0 |
defaultBtagMMNoIsoBBTTCutKine80|          0.0 |       16.0 |
defaultBtagLLNoIsoBBTTCutKine80|          0.0 |       30.0 |
defaultBtagLLNoIso_topUP       |        6.0 |     1033.0 |
defaultBtagLLNoIso_topDOWN     |        6.0 |     1033.0 |
defaultBtagLLNoIsoBBTTCut_topUP|        1.0 |      187.0 |
defaultBtagLLNoIsoBBTTCut_topDOWN|        1.0 |      187.0 |
defaultBtagMMNoIsoBBTTCutKine90_topUP|          0.0 |       41.0 |
defaultBtagMMNoIsoBBTTCutKine90_topDOWN|          0.0 |       41.0 |
defaultBtagLLNoIsoBBTTCutKine90_topUP  |          0.0 |       76.0 |
defaultBtagLLNoIsoBBTTCutKine90_topDOWN|          0.0 |       76.0 |
defaultBtagMMNoIsoBBTTCutKine80_topUP  |          0.0 |       16.0 |
defaultBtagMMNoIsoBBTTCutKine80_topDOWN|          0.0 |       16.0 |
defaultBtagLLNoIsoBBTTCutKine80_topUP  |          0.0 |       30.0 |
defaultBtagLLNoIsoBBTTCutKine80_topDOWN|          0.0 |       30.0 |

-====-====-====-====-====-====-====-====-====-====-====-====-====-

 TOTALS

                | DATA       | bkg        | 
defaultBtagLLNoIso|       1039 |       1041 |
defaultBtagLLNoIsoBBTTCut|        188 |        206 |
defaultBtagMMNoIsoBBTTCutKine90|         41 |         47 |
defaultBtagLLNoIsoBBTTCutKine90|         76 |         84 |
defaultBtagMMNoIsoBBTTCutKine80|         16 |         21 |
defaultBtagLLNoIsoBBTTCutKine80|         30 |         37 |
defaultBtagLLNoIso_topUP|       1039 |       1032 |
defaultBtagLLNoIso_topDOWN|       1039 |       1056 |
defaultBtagLLNoIsoBBTTCut_topUP|        188 |        209 |
defaultBtagLLNoIsoBBTTCut_topDOWN|        188 |        204 |
defaultBtagMMNoIsoBBTTCutKine90_topUP|         41 |         47 |
defaultBtagMMNoIsoBBTTCutKine90_topDOWN|         41 |         47 |
defaultBtagLLNoIsoBBTTCutKine90_topUP|         76 |         84 |
defaultBtagLLNoIsoBBTTCutKine90_topDOWN|         76 |         84 |
defaultBtagMMNoIsoBBTTCutKine80_topUP|         16 |         21 |
defaultBtagMMNoIsoBBTTCutKine80_topDOWN|         16 |         21 |
defaultBtagLLNoIsoBBTTCutKine80_topUP|         30 |         37 |
defaultBtagLLNoIsoBBTTCutKine80_topDOWN|         30 |         37 |
