0.0352753
0.00681134
0.00749295
0.00553016
0.00477502
0.00646168
0.00828933
0.0082655
0.0067784
0.00555573
0.00491486
0.00470809
0.004597
0.00469313
0.00485023
0.00498758
0.00510755
0.00519759
0.00532468
0.0055468
0.0058249
0.00606859
0.00629426
0.00648523
0.00659085
0.00662945
0.00661302
0.00664091
0.00668176
0.00672763
0.00677147
0.00681628
0.00686323
0.00691981
0.00699556
0.00708951
0.00721707
0.00738084
0.0075829
0.00784705
0.00817405
0.00854978
0.00899951
0.00950737
0.0100633
0.0106973
0.0114157
0.0122221
0.0130639
0.0139122
0.0148046
0.0156698
0.0164463
0.0175049
0.0181449
0.0187755
0.0193426
0.0203908
0.0209954
0.0220873
0.0227291
0.0234929
0.0237191
0.0224071
0.0219196
0.0212046
0.0207757
0.0202374
0.0175028
0.018669
0.0180401
0.0212816
0.0212676
0.0184815
0.0129491
0.0154477
0.0181018
0.0281528
0.0616499
0
0
0
0
0
0
0
0
0
0
0
0
0
0
0
0
0
0
0
0
0
