0.0867969
0.0190798
0.0227768
0.0159586
0.0136884
0.0184402
0.0243001
0.0247359
0.0205132
0.0173124
0.015922
0.0156881
0.015539
0.0159142
0.0164083
0.0167761
0.0170022
0.0170068
0.0169808
0.0170897
0.0172163
0.0171536
0.0170539
0.0169647
0.0168108
0.0166495
0.0164787
0.0164938
0.0165647
0.0166303
0.016646
0.0166041
0.0164986
0.0163381
0.0161316
0.0158599
0.0155404
0.0151636
0.0147257
0.0142691
0.0137917
0.0132722
0.0127554
0.0122224
0.0116714
0.0111484
0.0106654
0.0102307
0.00980992
0.00940078
0.0090448
0.00870776
0.0083692
0.00821311
0.00789738
0.00761567
0.00733051
0.00722151
0.00693286
0.0067707
0.00642992
0.00609171
0.00559826
0.0047825
0.00420702
0.00364358
0.0031861
0.00276481
0.00212856
0.00202097
0.00173904
0.00182761
0.00162715
0.00125897
0.000784209
0.000829608
0.000859
0.0011751
0.00225119
0
0
0
0
0
0
0
0
0
0
0
0
0
0
0
0
0
0
0
0
0
