0.0638037
0.0130767
0.0150752
0.0108304
0.00931817
0.0125602
0.0163104
0.016446
0.0135518
0.0112371
0.0101324
0.00985446
0.00970652
0.00993651
0.0102635
0.0105318
0.0107432
0.01086
0.0110107
0.011304
0.0116531
0.0118869
0.0120671
0.0121967
0.0122112
0.01216
0.0120617
0.0120824
0.0121459
0.012221
0.0122821
0.0123267
0.0123532
0.0123724
0.0123972
0.0124197
0.0124584
0.012508
0.0125625
0.0126525
0.0127702
0.0128865
0.0130341
0.0131837
0.0133188
0.0134774
0.0136642
0.013881
0.0140718
0.0142184
0.0143746
0.014485
0.0145145
0.014798
0.014744
0.014713
0.0146579
0.0149702
0.0149427
0.0152296
0.0151559
0.0151073
0.0146601
0.0132632
0.0123823
0.0113962
0.0105961
0.00977679
0.00800005
0.00806879
0.00737247
0.00822614
0.00777918
0.00639975
0.00424589
0.00479533
0.0053163
0.00781291
0.0161383
0
0
0
0
0
0
0
0
0
0
0
0
0
0
0
0
0
0
0
0
0
