
-====-====-====-====-====-====-====-====-====-====-====-====-====-

 EXPECTED NUMBER OF SIG EVENTS

                | Radion250  | Radion260  | Radion270  | Radion280  | Radion300  | Radion320  | Radion340  | Radion350  | Radion400  | Radion450  | Radion500  | Radion550  | Radion600  | Radion650  | Radion700  | Radion800  | Radion900  | 
defaultBtagLLNoIso|       11.4 |       13.0 |       11.6 |       12.3 |       23.4 |       32.4 |       41.7 |       45.9 |       76.1 |      126.4 |      165.1 |      190.0 |      225.0 |      266.5 |      277.4 |      309.4 |      291.1 |
defaultBtagMMNoIso|        9.6 |        9.2 |        6.5 |        8.7 |       16.1 |       18.6 |       26.5 |       30.2 |       56.1 |       80.0 |      108.2 |      119.8 |      147.9 |      161.1 |      174.7 |      178.1 |      167.2 |
defaultBtagLLNoIsoBBTTCut|       10.8 |       10.4 |       10.0 |       11.2 |       17.8 |       24.0 |       30.7 |       37.9 |       56.7 |       96.7 |      137.7 |      144.7 |      178.6 |      215.1 |      223.5 |      248.5 |      238.7 |
defaultBtagLLNoIsoBBTTCut45|        6.7 |        4.7 |        7.4 |        5.6 |        9.9 |       13.1 |       19.3 |       27.6 |       39.2 |       85.5 |      112.0 |      122.5 |      151.1 |      193.4 |      196.8 |      218.2 |      221.8 |
defaultBtagMMNoIsoBBTTCut  |        9.6 |        7.6 |        5.9 |        7.6 |       13.8 |       15.1 |       22.3 |       27.2 |       45.6 |       67.3 |       95.8 |       98.6 |      125.9 |      138.0 |      151.4 |      155.8 |      146.9 |
defaultBtagMMNoIsoBBTTCut45|        5.7 |        3.5 |        4.9 |        3.9 |        8.1 |        7.8 |       13.7 |       19.0 |       31.2 |       62.1 |       77.0 |       84.6 |      109.3 |      124.4 |      133.0 |      136.4 |      136.9 |
defaultBtagLLNoIso_topUP   |       11.4 |       13.0 |       11.6 |       12.3 |       23.4 |       32.4 |       41.7 |       45.9 |       76.1 |      126.4 |      165.1 |      190.0 |      225.0 |      266.5 |      277.4 |      309.4 |      291.1 |
defaultBtagLLNoIso_topDOWN |       11.4 |       13.0 |       11.6 |       12.3 |       23.4 |       32.4 |       41.7 |       45.9 |       76.1 |      126.4 |      165.1 |      190.0 |      225.0 |      266.5 |      277.4 |      309.4 |      291.1 |
defaultBtagMMNoIso_topUP   |        9.6 |        9.2 |        6.5 |        8.7 |       16.1 |       18.6 |       26.5 |       30.2 |       56.1 |       80.0 |      108.2 |      119.8 |      147.9 |      161.1 |      174.7 |      178.1 |      167.2 |
defaultBtagMMNoIso_topDOWN |        9.6 |        9.2 |        6.5 |        8.7 |       16.1 |       18.6 |       26.5 |       30.2 |       56.1 |       80.0 |      108.2 |      119.8 |      147.9 |      161.1 |      174.7 |      178.1 |      167.2 |
defaultBtagLLNoIsoBBTTCut_topUP|       10.8 |       10.4 |       10.0 |       11.2 |       17.8 |       24.0 |       30.7 |       37.9 |       56.7 |       96.7 |      137.7 |      144.7 |      178.6 |      215.1 |      223.5 |      248.5 |      238.7 |
defaultBtagLLNoIsoBBTTCut_topDOWN|       10.8 |       10.4 |       10.0 |       11.2 |       17.8 |       24.0 |       30.7 |       37.9 |       56.7 |       96.7 |      137.7 |      144.7 |      178.6 |      215.1 |      223.5 |      248.5 |      238.7 |
defaultBtagLLNoIsoBBTTCut45_topUP|        6.7 |        4.7 |        7.4 |        5.6 |        9.9 |       13.1 |       19.3 |       27.6 |       39.2 |       85.5 |      112.0 |      122.5 |      151.1 |      193.4 |      196.8 |      218.2 |      221.8 |
defaultBtagLLNoIsoBBTTCut45_topDOWN|        6.7 |        4.7 |        7.4 |        5.6 |        9.9 |       13.1 |       19.3 |       27.6 |       39.2 |       85.5 |      112.0 |      122.5 |      151.1 |      193.4 |      196.8 |      218.2 |      221.8 |
defaultBtagMMNoIsoBBTTCut_topUP    |        9.6 |        7.6 |        5.9 |        7.6 |       13.8 |       15.1 |       22.3 |       27.2 |       45.6 |       67.3 |       95.8 |       98.6 |      125.9 |      138.0 |      151.4 |      155.8 |      146.9 |
defaultBtagMMNoIsoBBTTCut_topDOWN  |        9.6 |        7.6 |        5.9 |        7.6 |       13.8 |       15.1 |       22.3 |       27.2 |       45.6 |       67.3 |       95.8 |       98.6 |      125.9 |      138.0 |      151.4 |      155.8 |      146.9 |
defaultBtagMMNoIsoBBTTCut45_topUP  |        5.7 |        3.5 |        4.9 |        3.9 |        8.1 |        7.8 |       13.7 |       19.0 |       31.2 |       62.1 |       77.0 |       84.6 |      109.3 |      124.4 |      133.0 |      136.4 |      136.9 |
defaultBtagMMNoIsoBBTTCut45_topDOWN|        5.7 |        3.5 |        4.9 |        3.9 |        8.1 |        7.8 |       13.7 |       19.0 |       31.2 |       62.1 |       77.0 |       84.6 |      109.3 |      124.4 |      133.0 |      136.4 |      136.9 |

-====-====-====-====-====-====-====-====-====-====-====-====-====-

 EFFICIENCIES OF SIG EVENTS

                | Radion250  | Radion260  | Radion270  | Radion280  | Radion300  | Radion320  | Radion340  | Radion350  | Radion400  | Radion450  | Radion500  | Radion550  | Radion600  | Radion650  | Radion700  | Radion800  | Radion900  | 
defaultBtagLLNoIso|0.0 (0.7 %) |0.1 (0.8 %) |0.0 (0.7 %) |0.0 (0.7 %) |0.1 (1.1 %) |0.1 (1.4 %) |0.2 (1.6 %) |0.2 (1.6 %) |0.3 (2.2 %) |0.5 (3.0 %) |0.6 (3.3 %) |0.7 (3.4 %) |0.9 (3.7 %) |1.0 (4.0 %) |1.1 (3.9 %) |1.2 (3.9 %) |1.1 (3.4 %) |
defaultBtagMMNoIso|0.0 (0.6 %) |0.0 (0.6 %) |0.0 (0.4 %) |0.0 (0.5 %) |0.1 (0.8 %) |0.1 (0.8 %) |0.1 (1.0 %) |0.1 (1.1 %) |0.2 (1.6 %) |0.3 (1.9 %) |0.4 (2.2 %) |0.5 (2.2 %) |0.6 (2.4 %) |0.6 (2.4 %) |0.7 (2.4 %) |0.7 (2.2 %) |0.6 (1.9 %) |
defaultBtagLLNoIsoBBTTCut|0.0 (0.7 %) |0.0 (0.6 %) |0.0 (0.6 %) |0.0 (0.6 %) |0.1 (0.9 %) |0.1 (1.0 %) |0.1 (1.2 %) |0.1 (1.4 %) |0.2 (1.6 %) |0.4 (2.3 %) |0.5 (2.8 %) |0.6 (2.6 %) |0.7 (2.9 %) |0.8 (3.2 %) |0.9 (3.1 %) |1.0 (3.1 %) |0.9 (2.8 %) |
defaultBtagLLNoIsoBBTTCut45|0.0 (0.4 %) |0.0 (0.3 %) |0.0 (0.4 %) |0.0 (0.3 %) |0.0 (0.5 %) |0.1 (0.6 %) |0.1 (0.7 %) |0.1 (1.0 %) |0.2 (1.1 %) |0.3 (2.0 %) |0.4 (2.3 %) |0.5 (2.2 %) |0.6 (2.5 %) |0.7 (2.9 %) |0.8 (2.7 %) |0.8 (2.7 %) |0.9 (2.6 %) |
defaultBtagMMNoIsoBBTTCut  |0.0 (0.6 %) |0.0 (0.5 %) |0.0 (0.3 %) |0.0 (0.4 %) |0.1 (0.7 %) |0.1 (0.6 %) |0.1 (0.9 %) |0.1 (1.0 %) |0.2 (1.3 %) |0.3 (1.6 %) |0.4 (1.9 %) |0.4 (1.8 %) |0.5 (2.1 %) |0.5 (2.1 %) |0.6 (2.1 %) |0.6 (2.0 %) |0.6 (1.7 %) |
defaultBtagMMNoIsoBBTTCut45|0.0 (0.4 %) |0.0 (0.2 %) |0.0 (0.3 %) |0.0 (0.2 %) |0.0 (0.4 %) |0.0 (0.3 %) |0.1 (0.5 %) |0.1 (0.7 %) |0.1 (0.9 %) |0.2 (1.5 %) |0.3 (1.6 %) |0.3 (1.5 %) |0.4 (1.8 %) |0.5 (1.9 %) |0.5 (1.9 %) |0.5 (1.7 %) |0.5 (1.6 %) |
defaultBtagLLNoIso_topUP   |0.0 (0.7 %) |0.1 (0.8 %) |0.0 (0.7 %) |0.0 (0.7 %) |0.1 (1.1 %) |0.1 (1.4 %) |0.2 (1.6 %) |0.2 (1.6 %) |0.3 (2.2 %) |0.5 (3.0 %) |0.6 (3.3 %) |0.7 (3.4 %) |0.9 (3.7 %) |1.0 (4.0 %) |1.1 (3.9 %) |1.2 (3.9 %) |1.1 (3.4 %) |
defaultBtagLLNoIso_topDOWN |0.0 (0.7 %) |0.1 (0.8 %) |0.0 (0.7 %) |0.0 (0.7 %) |0.1 (1.1 %) |0.1 (1.4 %) |0.2 (1.6 %) |0.2 (1.6 %) |0.3 (2.2 %) |0.5 (3.0 %) |0.6 (3.3 %) |0.7 (3.4 %) |0.9 (3.7 %) |1.0 (4.0 %) |1.1 (3.9 %) |1.2 (3.9 %) |1.1 (3.4 %) |
defaultBtagMMNoIso_topUP   |0.0 (0.6 %) |0.0 (0.6 %) |0.0 (0.4 %) |0.0 (0.5 %) |0.1 (0.8 %) |0.1 (0.8 %) |0.1 (1.0 %) |0.1 (1.1 %) |0.2 (1.6 %) |0.3 (1.9 %) |0.4 (2.2 %) |0.5 (2.2 %) |0.6 (2.4 %) |0.6 (2.4 %) |0.7 (2.4 %) |0.7 (2.2 %) |0.6 (1.9 %) |
defaultBtagMMNoIso_topDOWN |0.0 (0.6 %) |0.0 (0.6 %) |0.0 (0.4 %) |0.0 (0.5 %) |0.1 (0.8 %) |0.1 (0.8 %) |0.1 (1.0 %) |0.1 (1.1 %) |0.2 (1.6 %) |0.3 (1.9 %) |0.4 (2.2 %) |0.5 (2.2 %) |0.6 (2.4 %) |0.6 (2.4 %) |0.7 (2.4 %) |0.7 (2.2 %) |0.6 (1.9 %) |
defaultBtagLLNoIsoBBTTCut_topUP|0.0 (0.7 %) |0.0 (0.6 %) |0.0 (0.6 %) |0.0 (0.6 %) |0.1 (0.9 %) |0.1 (1.0 %) |0.1 (1.2 %) |0.1 (1.4 %) |0.2 (1.6 %) |0.4 (2.3 %) |0.5 (2.8 %) |0.6 (2.6 %) |0.7 (2.9 %) |0.8 (3.2 %) |0.9 (3.1 %) |1.0 (3.1 %) |0.9 (2.8 %) |
defaultBtagLLNoIsoBBTTCut_topDOWN|0.0 (0.7 %) |0.0 (0.6 %) |0.0 (0.6 %) |0.0 (0.6 %) |0.1 (0.9 %) |0.1 (1.0 %) |0.1 (1.2 %) |0.1 (1.4 %) |0.2 (1.6 %) |0.4 (2.3 %) |0.5 (2.8 %) |0.6 (2.6 %) |0.7 (2.9 %) |0.8 (3.2 %) |0.9 (3.1 %) |1.0 (3.1 %) |0.9 (2.8 %) |
defaultBtagLLNoIsoBBTTCut45_topUP|0.0 (0.4 %) |0.0 (0.3 %) |0.0 (0.4 %) |0.0 (0.3 %) |0.0 (0.5 %) |0.1 (0.6 %) |0.1 (0.7 %) |0.1 (1.0 %) |0.2 (1.1 %) |0.3 (2.0 %) |0.4 (2.3 %) |0.5 (2.2 %) |0.6 (2.5 %) |0.7 (2.9 %) |0.8 (2.7 %) |0.8 (2.7 %) |0.9 (2.6 %) |
defaultBtagLLNoIsoBBTTCut45_topDOWN|0.0 (0.4 %) |0.0 (0.3 %) |0.0 (0.4 %) |0.0 (0.3 %) |0.0 (0.5 %) |0.1 (0.6 %) |0.1 (0.7 %) |0.1 (1.0 %) |0.2 (1.1 %) |0.3 (2.0 %) |0.4 (2.3 %) |0.5 (2.2 %) |0.6 (2.5 %) |0.7 (2.9 %) |0.8 (2.7 %) |0.8 (2.7 %) |0.9 (2.6 %) |
defaultBtagMMNoIsoBBTTCut_topUP    |0.0 (0.6 %) |0.0 (0.5 %) |0.0 (0.3 %) |0.0 (0.4 %) |0.1 (0.7 %) |0.1 (0.6 %) |0.1 (0.9 %) |0.1 (1.0 %) |0.2 (1.3 %) |0.3 (1.6 %) |0.4 (1.9 %) |0.4 (1.8 %) |0.5 (2.1 %) |0.5 (2.1 %) |0.6 (2.1 %) |0.6 (2.0 %) |0.6 (1.7 %) |
defaultBtagMMNoIsoBBTTCut_topDOWN  |0.0 (0.6 %) |0.0 (0.5 %) |0.0 (0.3 %) |0.0 (0.4 %) |0.1 (0.7 %) |0.1 (0.6 %) |0.1 (0.9 %) |0.1 (1.0 %) |0.2 (1.3 %) |0.3 (1.6 %) |0.4 (1.9 %) |0.4 (1.8 %) |0.5 (2.1 %) |0.5 (2.1 %) |0.6 (2.1 %) |0.6 (2.0 %) |0.6 (1.7 %) |
defaultBtagMMNoIsoBBTTCut45_topUP  |0.0 (0.4 %) |0.0 (0.2 %) |0.0 (0.3 %) |0.0 (0.2 %) |0.0 (0.4 %) |0.0 (0.3 %) |0.1 (0.5 %) |0.1 (0.7 %) |0.1 (0.9 %) |0.2 (1.5 %) |0.3 (1.6 %) |0.3 (1.5 %) |0.4 (1.8 %) |0.5 (1.9 %) |0.5 (1.9 %) |0.5 (1.7 %) |0.5 (1.6 %) |
defaultBtagMMNoIsoBBTTCut45_topDOWN|0.0 (0.4 %) |0.0 (0.2 %) |0.0 (0.3 %) |0.0 (0.2 %) |0.0 (0.4 %) |0.0 (0.3 %) |0.1 (0.5 %) |0.1 (0.7 %) |0.1 (0.9 %) |0.2 (1.5 %) |0.3 (1.6 %) |0.3 (1.5 %) |0.4 (1.8 %) |0.5 (1.9 %) |0.5 (1.9 %) |0.5 (1.7 %) |0.5 (1.6 %) |

-====-====-====-====-====-====-====-====-====-====-====-====-====-

 EXPECTED NUMBER OF BKG EVENTS

                | DY0b       | DY1b       | DY2b       | WJetsIncl  | WJets10020 | WJets20040 | WJets40060 | WJets600In | TT         | TWtop      | TWantitop  | WWToLNuQQ  | WZTo1L1Nu2 | WZTo1L3Nu  | WZTo2L2Q   | ZZTo2L2Q   | ZZTo4L     | QCD        | 
defaultBtagLLNoIso|        4.7 |        1.8 |        2.1 |          0.0 |          0.0 |        0.5 |        0.2 |        0.1 |       25.4 |        0.6 |        0.7 |        0.1 |           0.0 |          0.0 |        0.2 |        0.3 |          0.0 |       23.5 |
defaultBtagMMNoIso|        0.2 |          0.0 |        2.8 |          0.0 |          0.0 |          0.0 |          0.0 |         0.1 |       16.3 |        0.3 |        0.5 |         0.1 |           0.0 |          0.0 |         0.0 |        0.1 |          0.0 |        2.2 |
defaultBtagLLNoIsoBBTTCut|        1.0 |        0.6 |        0.4 |          0.0 |          0.0 |          0.0 |          0.0 |          0.0 |        3.8 |          0.0 |          0.0 |          0.0 |          0.0 |          0.0 |         0.1 |        0.1 |          0.0 |        1.4 |
defaultBtagLLNoIsoBBTTCut45|        0.5 |        0.5 |        0.2 |          0.0 |          0.0 |          0.0 |          0.0 |          0.0 |        2.3 |          0.0 |          0.0 |          0.0 |          0.0 |          0.0 |         0.0 |         0.1 |          0.0 |        0.6 |
defaultBtagMMNoIsoBBTTCut  |         0.1 |          0.0 |        0.5 |          0.0 |          0.0 |          0.0 |          0.0 |          0.0 |        2.4 |          0.0 |          0.0 |          0.0 |          -0.0 |          0.0 |           0.0 |         0.0 |           0.0 |          -0.3 |
defaultBtagMMNoIsoBBTTCut45|         0.1 |          0.0 |        0.2 |          0.0 |          0.0 |          0.0 |          0.0 |          0.0 |        1.5 |          0.0 |          0.0 |          0.0 |          -0.0 |          0.0 |           0.0 |         0.0 |           0.0 |          -0.2 |
defaultBtagLLNoIso_topUP   |        4.7 |        1.8 |        2.1 |          0.0 |          0.0 |        0.5 |        0.2 |        0.1 |       24.1 |        0.6 |        0.7 |        0.1 |           0.0 |          0.0 |        0.2 |        0.3 |          0.0 |       23.7 |
defaultBtagLLNoIso_topDOWN |        4.7 |        1.8 |        2.1 |          0.0 |          0.0 |        0.5 |        0.2 |        0.1 |       27.1 |        0.6 |        0.7 |        0.1 |           0.0 |          0.0 |        0.2 |        0.3 |          0.0 |       23.3 |
defaultBtagMMNoIso_topUP   |        0.2 |          0.0 |        2.8 |          0.0 |          0.0 |          0.0 |          0.0 |         0.1 |       15.4 |        0.3 |        0.5 |         0.1 |           0.0 |          0.0 |         0.0 |        0.1 |          0.0 |        2.3 |
defaultBtagMMNoIso_topDOWN |        0.2 |          0.0 |        2.8 |          0.0 |          0.0 |          0.0 |          0.0 |         0.1 |       17.3 |        0.3 |        0.5 |         0.1 |           0.0 |          0.0 |         0.0 |        0.1 |          0.0 |        2.1 |
defaultBtagLLNoIsoBBTTCut_topUP|        1.0 |        0.6 |        0.4 |          0.0 |          0.0 |          0.0 |          0.0 |          0.0 |        3.8 |          0.0 |          0.0 |          0.0 |          0.0 |          0.0 |         0.1 |        0.1 |          0.0 |        1.4 |
defaultBtagLLNoIsoBBTTCut_topDOWN|        1.0 |        0.6 |        0.4 |          0.0 |          0.0 |          0.0 |          0.0 |          0.0 |        3.9 |          0.0 |          0.0 |          0.0 |          0.0 |          0.0 |         0.1 |        0.1 |          0.0 |        1.4 |
defaultBtagLLNoIsoBBTTCut45_topUP|        0.5 |        0.5 |        0.2 |          0.0 |          0.0 |          0.0 |          0.0 |          0.0 |        2.2 |          0.0 |          0.0 |          0.0 |          0.0 |          0.0 |         0.0 |         0.1 |          0.0 |        0.6 |
defaultBtagLLNoIsoBBTTCut45_topDOWN|        0.5 |        0.5 |        0.2 |          0.0 |          0.0 |          0.0 |          0.0 |          0.0 |        2.3 |          0.0 |          0.0 |          0.0 |          0.0 |          0.0 |         0.0 |         0.1 |          0.0 |        0.6 |
defaultBtagMMNoIsoBBTTCut_topUP    |         0.1 |          0.0 |        0.5 |          0.0 |          0.0 |          0.0 |          0.0 |          0.0 |        2.4 |          0.0 |          0.0 |          0.0 |          -0.0 |          0.0 |           0.0 |         0.0 |           0.0 |          -0.3 |
defaultBtagMMNoIsoBBTTCut_topDOWN  |         0.1 |          0.0 |        0.5 |          0.0 |          0.0 |          0.0 |          0.0 |          0.0 |        2.4 |          0.0 |          0.0 |          0.0 |          -0.0 |          0.0 |           0.0 |         0.0 |           0.0 |          -0.3 |
defaultBtagMMNoIsoBBTTCut45_topUP  |         0.1 |          0.0 |        0.2 |          0.0 |          0.0 |          0.0 |          0.0 |          0.0 |        1.5 |          0.0 |          0.0 |          0.0 |          -0.0 |          0.0 |           0.0 |         0.0 |           0.0 |          -0.2 |
defaultBtagMMNoIsoBBTTCut45_topDOWN|         0.1 |          0.0 |        0.2 |          0.0 |          0.0 |          0.0 |          0.0 |          0.0 |        1.5 |          0.0 |          0.0 |          0.0 |          -0.0 |          0.0 |           0.0 |         0.0 |           0.0 |          -0.2 |

-====-====-====-====-====-====-====-====-====-====-====-====-====-

 EFFICIENCIES OF BKG EVENTS

                | DY0b       | DY1b       | DY2b       | WJetsIncl  | WJets10020 | WJets20040 | WJets40060 | WJets600In | TT         | TWtop      | TWantitop  | WWToLNuQQ  | WZTo1L1Nu2 | WZTo1L3Nu  | WZTo2L2Q   | ZZTo2L2Q   | ZZTo4L     | 
defaultBtagLLNoIso|0.0 (0.0 %) |0.0 (0.0 %) |0.0 (0.1 %) |0.0 (0.0 %) |0.0 (0.0 %) |0.0 (0.0 %) |0.0 (0.0 %) |0.0 (0.0 %) |0.0 (0.0 %) |0.0 (0.0 %) |0.0 (0.0 %) |0.0 (0.0 %) |0.0 (0.0 %) |0.0 (0.0 %) |0.0 (0.0 %) |0.0 (0.0 %) |0.0 (0.0 %) |
defaultBtagMMNoIso|0.0 (0.0 %) |0.0 (0.0 %) |0.0 (0.1 %) |0.0 (0.0 %) |0.0 (0.0 %) |0.0 (0.0 %) |0.0 (0.0 %) |0.0 (0.0 %) |0.0 (0.0 %) |0.0 (0.0 %) |0.0 (0.0 %) |0.0 (0.0 %) |0.0 (0.0 %) |0.0 (0.0 %) |0.0 (0.0 %) |0.0 (0.0 %) |0.0 (0.0 %) |
defaultBtagLLNoIsoBBTTCut|0.0 (0.0 %) |0.0 (0.0 %) |0.0 (0.0 %) |0.0 (0.0 %) |0.0 (0.0 %) |0.0 (0.0 %) |0.0 (0.0 %) |0.0 (0.0 %) |0.0 (0.0 %) |0.0 (0.0 %) |0.0 (0.0 %) |0.0 (0.0 %) |0.0 (0.0 %) |0.0 (0.0 %) |0.0 (0.0 %) |0.0 (0.0 %) |0.0 (0.0 %) |
defaultBtagLLNoIsoBBTTCut45|0.0 (0.0 %) |0.0 (0.0 %) |0.0 (0.0 %) |0.0 (0.0 %) |0.0 (0.0 %) |0.0 (0.0 %) |0.0 (0.0 %) |0.0 (0.0 %) |0.0 (0.0 %) |0.0 (0.0 %) |0.0 (0.0 %) |0.0 (0.0 %) |0.0 (0.0 %) |0.0 (0.0 %) |0.0 (0.0 %) |0.0 (0.0 %) |0.0 (0.0 %) |
defaultBtagMMNoIsoBBTTCut  |0.0 (0.0 %) |0.0 (0.0 %) |0.0 (0.0 %) |0.0 (0.0 %) |0.0 (0.0 %) |0.0 (0.0 %) |0.0 (0.0 %) |0.0 (0.0 %) |0.0 (0.0 %) |0.0 (0.0 %) |0.0 (0.0 %) |0.0 (0.0 %) |-0.0 (-0.0 %) |0.0 (0.0 %) |0.0 (0.0 %) |0.0 (0.0 %) |0.0 (0.0 %) |
defaultBtagMMNoIsoBBTTCut45|0.0 (0.0 %) |0.0 (0.0 %) |0.0 (0.0 %) |0.0 (0.0 %) |0.0 (0.0 %) |0.0 (0.0 %) |0.0 (0.0 %) |0.0 (0.0 %) |0.0 (0.0 %) |0.0 (0.0 %) |0.0 (0.0 %) |0.0 (0.0 %) |-0.0 (-0.0 %) |0.0 (0.0 %) |0.0 (0.0 %) |0.0 (0.0 %) |0.0 (0.0 %) |
defaultBtagLLNoIso_topUP   |0.0 (0.0 %) |0.0 (0.0 %) |0.0 (0.1 %) |0.0 (0.0 %) |0.0 (0.0 %) |0.0 (0.0 %) |0.0 (0.0 %) |0.0 (0.0 %) |0.0 (0.0 %) |0.0 (0.0 %) |0.0 (0.0 %) |0.0 (0.0 %) |0.0 (0.0 %) |0.0 (0.0 %) |0.0 (0.0 %) |0.0 (0.0 %) |0.0 (0.0 %) |
defaultBtagLLNoIso_topDOWN |0.0 (0.0 %) |0.0 (0.0 %) |0.0 (0.1 %) |0.0 (0.0 %) |0.0 (0.0 %) |0.0 (0.0 %) |0.0 (0.0 %) |0.0 (0.0 %) |0.0 (0.0 %) |0.0 (0.0 %) |0.0 (0.0 %) |0.0 (0.0 %) |0.0 (0.0 %) |0.0 (0.0 %) |0.0 (0.0 %) |0.0 (0.0 %) |0.0 (0.0 %) |
defaultBtagMMNoIso_topUP   |0.0 (0.0 %) |0.0 (0.0 %) |0.0 (0.1 %) |0.0 (0.0 %) |0.0 (0.0 %) |0.0 (0.0 %) |0.0 (0.0 %) |0.0 (0.0 %) |0.0 (0.0 %) |0.0 (0.0 %) |0.0 (0.0 %) |0.0 (0.0 %) |0.0 (0.0 %) |0.0 (0.0 %) |0.0 (0.0 %) |0.0 (0.0 %) |0.0 (0.0 %) |
defaultBtagMMNoIso_topDOWN |0.0 (0.0 %) |0.0 (0.0 %) |0.0 (0.1 %) |0.0 (0.0 %) |0.0 (0.0 %) |0.0 (0.0 %) |0.0 (0.0 %) |0.0 (0.0 %) |0.0 (0.0 %) |0.0 (0.0 %) |0.0 (0.0 %) |0.0 (0.0 %) |0.0 (0.0 %) |0.0 (0.0 %) |0.0 (0.0 %) |0.0 (0.0 %) |0.0 (0.0 %) |
defaultBtagLLNoIsoBBTTCut_topUP|0.0 (0.0 %) |0.0 (0.0 %) |0.0 (0.0 %) |0.0 (0.0 %) |0.0 (0.0 %) |0.0 (0.0 %) |0.0 (0.0 %) |0.0 (0.0 %) |0.0 (0.0 %) |0.0 (0.0 %) |0.0 (0.0 %) |0.0 (0.0 %) |0.0 (0.0 %) |0.0 (0.0 %) |0.0 (0.0 %) |0.0 (0.0 %) |0.0 (0.0 %) |
defaultBtagLLNoIsoBBTTCut_topDOWN|0.0 (0.0 %) |0.0 (0.0 %) |0.0 (0.0 %) |0.0 (0.0 %) |0.0 (0.0 %) |0.0 (0.0 %) |0.0 (0.0 %) |0.0 (0.0 %) |0.0 (0.0 %) |0.0 (0.0 %) |0.0 (0.0 %) |0.0 (0.0 %) |0.0 (0.0 %) |0.0 (0.0 %) |0.0 (0.0 %) |0.0 (0.0 %) |0.0 (0.0 %) |
defaultBtagLLNoIsoBBTTCut45_topUP|0.0 (0.0 %) |0.0 (0.0 %) |0.0 (0.0 %) |0.0 (0.0 %) |0.0 (0.0 %) |0.0 (0.0 %) |0.0 (0.0 %) |0.0 (0.0 %) |0.0 (0.0 %) |0.0 (0.0 %) |0.0 (0.0 %) |0.0 (0.0 %) |0.0 (0.0 %) |0.0 (0.0 %) |0.0 (0.0 %) |0.0 (0.0 %) |0.0 (0.0 %) |
defaultBtagLLNoIsoBBTTCut45_topDOWN|0.0 (0.0 %) |0.0 (0.0 %) |0.0 (0.0 %) |0.0 (0.0 %) |0.0 (0.0 %) |0.0 (0.0 %) |0.0 (0.0 %) |0.0 (0.0 %) |0.0 (0.0 %) |0.0 (0.0 %) |0.0 (0.0 %) |0.0 (0.0 %) |0.0 (0.0 %) |0.0 (0.0 %) |0.0 (0.0 %) |0.0 (0.0 %) |0.0 (0.0 %) |
defaultBtagMMNoIsoBBTTCut_topUP    |0.0 (0.0 %) |0.0 (0.0 %) |0.0 (0.0 %) |0.0 (0.0 %) |0.0 (0.0 %) |0.0 (0.0 %) |0.0 (0.0 %) |0.0 (0.0 %) |0.0 (0.0 %) |0.0 (0.0 %) |0.0 (0.0 %) |0.0 (0.0 %) |-0.0 (-0.0 %) |0.0 (0.0 %) |0.0 (0.0 %) |0.0 (0.0 %) |0.0 (0.0 %) |
defaultBtagMMNoIsoBBTTCut_topDOWN  |0.0 (0.0 %) |0.0 (0.0 %) |0.0 (0.0 %) |0.0 (0.0 %) |0.0 (0.0 %) |0.0 (0.0 %) |0.0 (0.0 %) |0.0 (0.0 %) |0.0 (0.0 %) |0.0 (0.0 %) |0.0 (0.0 %) |0.0 (0.0 %) |-0.0 (-0.0 %) |0.0 (0.0 %) |0.0 (0.0 %) |0.0 (0.0 %) |0.0 (0.0 %) |
defaultBtagMMNoIsoBBTTCut45_topUP  |0.0 (0.0 %) |0.0 (0.0 %) |0.0 (0.0 %) |0.0 (0.0 %) |0.0 (0.0 %) |0.0 (0.0 %) |0.0 (0.0 %) |0.0 (0.0 %) |0.0 (0.0 %) |0.0 (0.0 %) |0.0 (0.0 %) |0.0 (0.0 %) |-0.0 (-0.0 %) |0.0 (0.0 %) |0.0 (0.0 %) |0.0 (0.0 %) |0.0 (0.0 %) |
defaultBtagMMNoIsoBBTTCut45_topDOWN|0.0 (0.0 %) |0.0 (0.0 %) |0.0 (0.0 %) |0.0 (0.0 %) |0.0 (0.0 %) |0.0 (0.0 %) |0.0 (0.0 %) |0.0 (0.0 %) |0.0 (0.0 %) |0.0 (0.0 %) |0.0 (0.0 %) |0.0 (0.0 %) |-0.0 (-0.0 %) |0.0 (0.0 %) |0.0 (0.0 %) |0.0 (0.0 %) |0.0 (0.0 %) |

-====-====-====-====-====-====-====-====-====-====-====-====-====-

 OBSERVED NUMBER OF EVENTS

                | DTauRunC   | DTauRunD   | 
defaultBtagLLNoIso|        1.0 |       79.0 |
defaultBtagMMNoIso|          0.0 |       19.0 |
defaultBtagLLNoIsoBBTTCut|          0.0 |       13.0 |
defaultBtagLLNoIsoBBTTCut45|          0.0 |        4.0 |
defaultBtagMMNoIsoBBTTCut  |          0.0 |        3.0 |
defaultBtagMMNoIsoBBTTCut45|          0.0 |        1.0 |
defaultBtagLLNoIso_topUP   |        1.0 |       79.0 |
defaultBtagLLNoIso_topDOWN |        1.0 |       79.0 |
defaultBtagMMNoIso_topUP   |          0.0 |       19.0 |
defaultBtagMMNoIso_topDOWN |          0.0 |       19.0 |
defaultBtagLLNoIsoBBTTCut_topUP|          0.0 |       13.0 |
defaultBtagLLNoIsoBBTTCut_topDOWN|          0.0 |       13.0 |
defaultBtagLLNoIsoBBTTCut45_topUP|          0.0 |        4.0 |
defaultBtagLLNoIsoBBTTCut45_topDOWN|          0.0 |        4.0 |
defaultBtagMMNoIsoBBTTCut_topUP    |          0.0 |        3.0 |
defaultBtagMMNoIsoBBTTCut_topDOWN  |          0.0 |        3.0 |
defaultBtagMMNoIsoBBTTCut45_topUP  |          0.0 |        1.0 |
defaultBtagMMNoIsoBBTTCut45_topDOWN|          0.0 |        1.0 |

-====-====-====-====-====-====-====-====-====-====-====-====-====-

 TOTALS

                | DATA       | bkg        | 
defaultBtagLLNoIso|         80 |         60 |
defaultBtagMMNoIso|         19 |         23 |
defaultBtagLLNoIsoBBTTCut|         13 |          7 |
defaultBtagLLNoIsoBBTTCut45|          4 |          4 |
defaultBtagMMNoIsoBBTTCut|          3 |          3 |
defaultBtagMMNoIsoBBTTCut45|          1 |          2 |
defaultBtagLLNoIso_topUP|         80 |         59 |
defaultBtagLLNoIso_topDOWN|         80 |         62 |
defaultBtagMMNoIso_topUP|         19 |         22 |
defaultBtagMMNoIso_topDOWN|         19 |         23 |
defaultBtagLLNoIsoBBTTCut_topUP|         13 |          7 |
defaultBtagLLNoIsoBBTTCut_topDOWN|         13 |          7 |
defaultBtagLLNoIsoBBTTCut45_topUP|          4 |          4 |
defaultBtagLLNoIsoBBTTCut45_topDOWN|          4 |          4 |
defaultBtagMMNoIsoBBTTCut_topUP|          3 |          3 |
defaultBtagMMNoIsoBBTTCut_topDOWN|          3 |          3 |
defaultBtagMMNoIsoBBTTCut45_topUP|          1 |          2 |
defaultBtagMMNoIsoBBTTCut45_topDOWN|          1 |          2 |
