0 	       
0.06442        
0.286625       
0.153283       
0.0622453      
0.053079       
0.0371891      
0.0285752      
0.0197508      
0.0158723      
0.0127781     
0.0106074     
0.009366      
0.00880646    
0.00838302    
0.00828725    
0.0082256     
0.00815946    
0.00824007    
0.00824518    
0.0082274     
0.00803604    
0.00791764    
0.00763971    
0.00736075    
0.00703923    
0.00682214    
0.00661442    
0.00645829    
0.00632646    
0.00620795    
0.00617589    
0.00611222    
0.00609296    
0.00606389    
0.00604833    
0.00599539    
0.00592327    
0.00582087    
0.00563801    
0.00545694    
0.00522322    
0.00491274    
0.00460614    
0.00424888    
0.00387752    
0.0034976     
0.00310888    
0.00275458    
0.00242246    
0.00208891    
0.00181793    
0.00156684    
0.00134021    
0.00115961    
0.000988669   
0.000853313   
0.000745175   
0.000643833   
0.000559676   
0.000483341   
0.000431562   
0.000371708   
0.000320522   
0.000280422   
0.000244045   
0.000209082   
0.000186454   
0.000151561   
0.000125497   
0.000103185   
9.33698e-05   
8.19999e-05   
7.95592e-05   
5.90935e-05   
4.48174e-05   
4.12284e-05   
3.13746e-05   
3.12821e-05   
1.70888e-05   
1.65228e-05   
1.32755e-05   
1.87261e-05   
1.66998e-05   
5.28467e-06   
0 	      
7.02434e-06   
1.76864e-06   
8.76294e-07   
8.5406e-07    
2.04618e-07   
1.92764e-07   
2.97463e-08   
0 	      
9.07281e-09   
0 	      
0 	      
0 	      
0 	      
0 
