0.00169011
0.0020015
0.00571595
0.00426815
0.00390599
0.00208474
0.00099711
0.00058038
0.00058869
0.000563407
0.000913664
0.00156301
0.00227397
0.00285308
0.0032722
0.0036585
0.0040588
0.00445754
0.00478493
0.0050683
0.00533083
0.00561905
0.00598818
0.00642017
0.00687674
0.00736926
0.00788243
0.00845598
0.00913194
0.0098853
0.0106907
0.0115456
0.0125382
0.0136244
0.0147887
0.0160649
0.0175206
0.0191106
0.0209421
0.0230444
0.0252888
0.0278905
0.0311763
0.034934
0.0398971
0.0442598
0.0496138
0.0534293
0.0561453
0.0574624
0.0534407
0.0496056
0.038388
0.0301132
0.0276228
0.0191867
0.0128157
0.00874351
0.00754589
0.00556147
0.00633628
0.00465422
0.00409912
0.003596
0.00265046
0.00177681
0.00791271
0.00197023
0.00519386
0
0
0
0
0
0
0
0
0
0
0
0
0
0
0
0
0
0
0
0
0
0
0
0
0
0
0
0
0
0
0
