0.00398127
0.004889
0.0127246
0.00979546
0.00882712
0.0047495
0.00222998
0.00154663
0.00155072
0.00181238
0.0032374
0.0051239
0.00678379
0.00791884
0.00867213
0.00935093
0.00999276
0.0105813
0.0110498
0.0115095
0.0120078
0.0126016
0.0133165
0.0140664
0.0148152
0.015644
0.0165183
0.0174744
0.0185488
0.0196578
0.0207354
0.0217674
0.0229055
0.0240437
0.0251277
0.0261824
0.0272678
0.02825
0.0292208
0.0301399
0.030775
0.0313467
0.0321326
0.0328065
0.0339493
0.0339725
0.0342405
0.0330972
0.0312249
0.0287751
0.0242595
0.020666
0.0149746
0.0113343
0.0104457
0.00763772
0.00560339
0.00430598
0.00418642
0.00340127
0.00413431
0.00313531
0.00277535
0.0023997
0.00172035
0.0011121
0.00474939
0.0011301
0.00284061
0
0
0
0
0
0
0
0
0
0
0
0
0
0
0
0
0
0
0
0
0
0
0
0
0
0
0
0
0
0
0
