0.0072464
0.00968519
0.0214777
0.0172891
0.0154343
0.00825928
0.00393584
0.00337973
0.00323432
0.00501041
0.00872535
0.0124635
0.0150555
0.0165494
0.0173868
0.0180071
0.0184703
0.0189327
0.0193787
0.0199892
0.0207523
0.0215776
0.0224297
0.0232627
0.0241172
0.0251074
0.026089
0.0270496
0.0280139
0.0288459
0.0294518
0.0298206
0.0301561
0.0302975
0.030162
0.0297655
0.0291589
0.028195
0.0269916
0.0255475
0.0237417
0.0218462
0.0201008
0.0183266
0.0168746
0.0149986
0.0134366
0.0115922
0.00985117
0.00831381
0.00659328
0.00549501
0.00409647
0.00336236
0.00349552
0.00291944
0.002407
0.00200833
0.00204038
0.0016766
0.00201227
0.00148264
0.00126192
0.0010423
0.000710915
0.000436133
0.00176487
0.000397539
0.000945402
0
0
0
0
0
0
0
0
0
0
0
0
0
0
0
0
0
0
0
0
0
0
0
0
0
0
0
0
0
0
0
