
-====-====-====-====-====-====-====-====-====-====-====-====-====-

 EXPECTED NUMBER OF SIG EVENTS

                | HHrew0     | HHrew1     | HHrew2     | HHrew3     | HHrew4     | HHrew5     | HHrew6     | HHrew7     | HHrew8     | HHrew9     | HHrew10    | HHrew11    | HHrew12    | HHrew13    | HHrew14    | HHrew15    | HHrew16    | HHrew17    | HHrew18    | HHrew19    | HHrew20    | HHrew21    | HHrew22    | HHrew23    | HHrew24    | HHrew25    | HHrew26    | HHrew27    | HHrew28    | HHrew29    | HHrew30    | HHrew31    | HHrew32    | HHrew33    | HHrew34    | HHrew35    | HHrew36    | HHrew37    | HHrew38    | HHrew39    | HHrew40    | HHrew41    | HHrew42    | HHrew43    | HHrew44    | HHrew45    | HHrew46    | HHrew47    | HHrew48    | HHrew49    | HHrew50    | HHrew51    | 
defaultBtagLLNoIso|       60.5 |       60.0 |       60.8 |       60.3 |       61.7 |       61.9 |       62.9 |       62.6 |       63.1 |       63.9 |       64.1 |       65.0 |       66.2 |       67.4 |       69.0 |       70.7 |       73.0 |       75.8 |       80.7 |       89.1 |      102.6 |      126.2 |      144.4 |      127.1 |       81.7 |       42.7 |       38.5 |       38.9 |       41.3 |       41.8 |       44.3 |       45.3 |       46.4 |       46.8 |       48.3 |       48.0 |       49.3 |       49.4 |       49.6 |       49.9 |       50.9 |       51.5 |       51.1 |       51.2 |       51.3 |       51.7 |       51.5 |       52.3 |       52.7 |       52.4 |       52.6 |       53.1 |
defaultBtagMMNoIso|       38.7 |       38.5 |       38.9 |       38.6 |       39.5 |       39.6 |       40.2 |       40.0 |       40.3 |       40.9 |       41.0 |       41.5 |       42.3 |       43.0 |       44.0 |       45.1 |       46.5 |       48.2 |       51.2 |       56.4 |       64.8 |       79.4 |       90.4 |       79.6 |       51.5 |       27.5 |       24.9 |       25.2 |       26.8 |       27.1 |       28.7 |       29.3 |       30.0 |       30.2 |       31.1 |       31.0 |       31.8 |       31.9 |       32.0 |       32.2 |       32.8 |       33.1 |       32.9 |       33.0 |       33.0 |       33.3 |       33.1 |       33.6 |       33.9 |       33.7 |       33.8 |       34.2 |
defaultBtagLLNoIso45|       46.8 |       46.4 |       47.0 |       46.6 |       47.8 |       48.0 |       48.9 |       48.5 |       49.0 |       49.7 |       49.9 |       50.7 |       51.7 |       52.7 |       54.2 |       55.6 |       57.6 |       60.0 |       64.2 |       71.6 |       83.4 |      104.4 |      121.5 |      107.0 |       67.5 |       32.6 |       28.5 |       28.6 |       30.6 |       30.9 |       33.0 |       33.8 |       34.8 |       35.1 |       36.3 |       36.1 |       37.2 |       37.3 |       37.5 |       37.7 |       38.6 |       39.1 |       38.8 |       38.8 |       38.9 |       39.3 |       39.0 |       39.7 |       40.1 |       39.8 |       40.0 |       40.5 |
defaultBtagMMNoIso45|       29.6 |       29.4 |       29.7 |       29.5 |       30.2 |       30.4 |       30.9 |       30.7 |       31.0 |       31.4 |       31.5 |       32.0 |       32.7 |       33.3 |       34.2 |       35.1 |       36.3 |       37.8 |       40.5 |       45.1 |       52.4 |       65.5 |       76.0 |       66.8 |       42.2 |       20.6 |       18.1 |       18.1 |       19.4 |       19.7 |       21.0 |       21.5 |       22.1 |       22.3 |       23.1 |       22.9 |       23.6 |       23.7 |       23.8 |       23.9 |       24.5 |       24.8 |       24.6 |       24.6 |       24.6 |       24.9 |       24.8 |       25.2 |       25.4 |       25.2 |       25.3 |       25.6 |
defaultBtagLLNoIsoBBTTCut|       47.4 |       47.1 |       47.7 |       47.3 |       48.4 |       48.5 |       49.3 |       49.0 |       49.5 |       50.1 |       50.2 |       51.0 |       51.9 |       52.8 |       54.1 |       55.4 |       57.2 |       59.5 |       63.3 |       70.0 |       80.6 |       99.5 |      114.4 |      101.0 |       65.2 |       34.0 |       30.5 |       30.7 |       32.5 |       32.9 |       34.8 |       35.6 |       36.4 |       36.8 |       37.9 |       37.7 |       38.7 |       38.8 |       38.9 |       39.2 |       39.9 |       40.4 |       40.1 |       40.1 |       40.2 |       40.6 |       40.4 |       41.0 |       41.3 |       41.1 |       41.2 |       41.7 |
defaultBtagLLNoIsoBBTTCut45|       36.4 |       36.1 |       36.6 |       36.3 |       37.2 |       37.4 |       38.1 |       37.8 |       38.2 |       38.7 |       38.8 |       39.5 |       40.3 |       41.1 |       42.3 |       43.4 |       44.9 |       46.8 |       50.2 |       56.1 |       65.5 |       82.3 |       96.5 |       85.2 |       53.9 |       25.9 |       22.3 |       22.3 |       23.8 |       24.0 |       25.7 |       26.3 |       27.0 |       27.3 |       28.2 |       28.1 |       28.9 |       29.0 |       29.1 |       29.3 |       30.0 |       30.4 |       30.1 |       30.2 |       30.2 |       30.5 |       30.3 |       30.9 |       31.2 |       31.0 |       31.1 |       31.5 |
defaultBtagMMNoIsoBBTTCut  |       33.0 |       32.8 |       33.1 |       32.9 |       33.6 |       33.7 |       34.3 |       34.1 |       34.4 |       34.8 |       34.9 |       35.4 |       36.0 |       36.6 |       37.5 |       38.4 |       39.6 |       41.1 |       43.6 |       48.1 |       55.2 |       67.7 |       77.3 |       68.1 |       44.2 |       23.6 |       21.4 |       21.6 |       22.9 |       23.2 |       24.5 |       25.0 |       25.6 |       25.8 |       26.5 |       26.4 |       27.1 |       27.2 |       27.3 |       27.4 |       27.9 |       28.2 |       28.1 |       28.1 |       28.1 |       28.4 |       28.3 |       28.7 |       28.9 |       28.7 |       28.8 |       29.1 |
defaultBtagLLNoIso_topUP   |       60.5 |       60.0 |       60.8 |       60.3 |       61.7 |       61.9 |       62.9 |       62.6 |       63.1 |       63.9 |       64.1 |       65.0 |       66.2 |       67.4 |       69.0 |       70.7 |       73.0 |       75.8 |       80.7 |       89.1 |      102.6 |      126.2 |      144.4 |      127.1 |       81.7 |       42.7 |       38.5 |       38.9 |       41.3 |       41.8 |       44.3 |       45.3 |       46.4 |       46.8 |       48.3 |       48.0 |       49.3 |       49.4 |       49.6 |       49.9 |       50.9 |       51.5 |       51.1 |       51.2 |       51.3 |       51.7 |       51.5 |       52.3 |       52.7 |       52.4 |       52.6 |       53.1 |
defaultBtagLLNoIso_topDOWN |       60.5 |       60.0 |       60.8 |       60.3 |       61.7 |       61.9 |       62.9 |       62.6 |       63.1 |       63.9 |       64.1 |       65.0 |       66.2 |       67.4 |       69.0 |       70.7 |       73.0 |       75.8 |       80.7 |       89.1 |      102.6 |      126.2 |      144.4 |      127.1 |       81.7 |       42.7 |       38.5 |       38.9 |       41.3 |       41.8 |       44.3 |       45.3 |       46.4 |       46.8 |       48.3 |       48.0 |       49.3 |       49.4 |       49.6 |       49.9 |       50.9 |       51.5 |       51.1 |       51.2 |       51.3 |       51.7 |       51.5 |       52.3 |       52.7 |       52.4 |       52.6 |       53.1 |
defaultBtagMMNoIso_topUP   |       38.7 |       38.5 |       38.9 |       38.6 |       39.5 |       39.6 |       40.2 |       40.0 |       40.3 |       40.9 |       41.0 |       41.5 |       42.3 |       43.0 |       44.0 |       45.1 |       46.5 |       48.2 |       51.2 |       56.4 |       64.8 |       79.4 |       90.4 |       79.6 |       51.5 |       27.5 |       24.9 |       25.2 |       26.8 |       27.1 |       28.7 |       29.3 |       30.0 |       30.2 |       31.1 |       31.0 |       31.8 |       31.9 |       32.0 |       32.2 |       32.8 |       33.1 |       32.9 |       33.0 |       33.0 |       33.3 |       33.1 |       33.6 |       33.9 |       33.7 |       33.8 |       34.2 |
defaultBtagMMNoIso_topDOWN |       38.7 |       38.5 |       38.9 |       38.6 |       39.5 |       39.6 |       40.2 |       40.0 |       40.3 |       40.9 |       41.0 |       41.5 |       42.3 |       43.0 |       44.0 |       45.1 |       46.5 |       48.2 |       51.2 |       56.4 |       64.8 |       79.4 |       90.4 |       79.6 |       51.5 |       27.5 |       24.9 |       25.2 |       26.8 |       27.1 |       28.7 |       29.3 |       30.0 |       30.2 |       31.1 |       31.0 |       31.8 |       31.9 |       32.0 |       32.2 |       32.8 |       33.1 |       32.9 |       33.0 |       33.0 |       33.3 |       33.1 |       33.6 |       33.9 |       33.7 |       33.8 |       34.2 |
defaultBtagLLNoIso45_topUP |       46.8 |       46.4 |       47.0 |       46.6 |       47.8 |       48.0 |       48.9 |       48.5 |       49.0 |       49.7 |       49.9 |       50.7 |       51.7 |       52.7 |       54.2 |       55.6 |       57.6 |       60.0 |       64.2 |       71.6 |       83.4 |      104.4 |      121.5 |      107.0 |       67.5 |       32.6 |       28.5 |       28.6 |       30.6 |       30.9 |       33.0 |       33.8 |       34.8 |       35.1 |       36.3 |       36.1 |       37.2 |       37.3 |       37.5 |       37.7 |       38.6 |       39.1 |       38.8 |       38.8 |       38.9 |       39.3 |       39.0 |       39.7 |       40.1 |       39.8 |       40.0 |       40.5 |
defaultBtagLLNoIso45_topDOWN|       46.8 |       46.4 |       47.0 |       46.6 |       47.8 |       48.0 |       48.9 |       48.5 |       49.0 |       49.7 |       49.9 |       50.7 |       51.7 |       52.7 |       54.2 |       55.6 |       57.6 |       60.0 |       64.2 |       71.6 |       83.4 |      104.4 |      121.5 |      107.0 |       67.5 |       32.6 |       28.5 |       28.6 |       30.6 |       30.9 |       33.0 |       33.8 |       34.8 |       35.1 |       36.3 |       36.1 |       37.2 |       37.3 |       37.5 |       37.7 |       38.6 |       39.1 |       38.8 |       38.8 |       38.9 |       39.3 |       39.0 |       39.7 |       40.1 |       39.8 |       40.0 |       40.5 |
defaultBtagMMNoIso45_topUP  |       29.6 |       29.4 |       29.7 |       29.5 |       30.2 |       30.4 |       30.9 |       30.7 |       31.0 |       31.4 |       31.5 |       32.0 |       32.7 |       33.3 |       34.2 |       35.1 |       36.3 |       37.8 |       40.5 |       45.1 |       52.4 |       65.5 |       76.0 |       66.8 |       42.2 |       20.6 |       18.1 |       18.1 |       19.4 |       19.7 |       21.0 |       21.5 |       22.1 |       22.3 |       23.1 |       22.9 |       23.6 |       23.7 |       23.8 |       23.9 |       24.5 |       24.8 |       24.6 |       24.6 |       24.6 |       24.9 |       24.8 |       25.2 |       25.4 |       25.2 |       25.3 |       25.6 |
defaultBtagMMNoIso45_topDOWN|       29.6 |       29.4 |       29.7 |       29.5 |       30.2 |       30.4 |       30.9 |       30.7 |       31.0 |       31.4 |       31.5 |       32.0 |       32.7 |       33.3 |       34.2 |       35.1 |       36.3 |       37.8 |       40.5 |       45.1 |       52.4 |       65.5 |       76.0 |       66.8 |       42.2 |       20.6 |       18.1 |       18.1 |       19.4 |       19.7 |       21.0 |       21.5 |       22.1 |       22.3 |       23.1 |       22.9 |       23.6 |       23.7 |       23.8 |       23.9 |       24.5 |       24.8 |       24.6 |       24.6 |       24.6 |       24.9 |       24.8 |       25.2 |       25.4 |       25.2 |       25.3 |       25.6 |
defaultBtagLLNoIsoBBTTCut_topUP|       47.4 |       47.1 |       47.7 |       47.3 |       48.4 |       48.5 |       49.3 |       49.0 |       49.5 |       50.1 |       50.2 |       51.0 |       51.9 |       52.8 |       54.1 |       55.4 |       57.2 |       59.5 |       63.3 |       70.0 |       80.6 |       99.5 |      114.4 |      101.0 |       65.2 |       34.0 |       30.5 |       30.7 |       32.5 |       32.9 |       34.8 |       35.6 |       36.4 |       36.8 |       37.9 |       37.7 |       38.7 |       38.8 |       38.9 |       39.2 |       39.9 |       40.4 |       40.1 |       40.1 |       40.2 |       40.6 |       40.4 |       41.0 |       41.3 |       41.1 |       41.2 |       41.7 |
defaultBtagLLNoIsoBBTTCut_topDOWN|       47.4 |       47.1 |       47.7 |       47.3 |       48.4 |       48.5 |       49.3 |       49.0 |       49.5 |       50.1 |       50.2 |       51.0 |       51.9 |       52.8 |       54.1 |       55.4 |       57.2 |       59.5 |       63.3 |       70.0 |       80.6 |       99.5 |      114.4 |      101.0 |       65.2 |       34.0 |       30.5 |       30.7 |       32.5 |       32.9 |       34.8 |       35.6 |       36.4 |       36.8 |       37.9 |       37.7 |       38.7 |       38.8 |       38.9 |       39.2 |       39.9 |       40.4 |       40.1 |       40.1 |       40.2 |       40.6 |       40.4 |       41.0 |       41.3 |       41.1 |       41.2 |       41.7 |
defaultBtagLLNoIsoBBTTCut45_topUP|       36.4 |       36.1 |       36.6 |       36.3 |       37.2 |       37.4 |       38.1 |       37.8 |       38.2 |       38.7 |       38.8 |       39.5 |       40.3 |       41.1 |       42.3 |       43.4 |       44.9 |       46.8 |       50.2 |       56.1 |       65.5 |       82.3 |       96.5 |       85.2 |       53.9 |       25.9 |       22.3 |       22.3 |       23.8 |       24.0 |       25.7 |       26.3 |       27.0 |       27.3 |       28.2 |       28.1 |       28.9 |       29.0 |       29.1 |       29.3 |       30.0 |       30.4 |       30.1 |       30.2 |       30.2 |       30.5 |       30.3 |       30.9 |       31.2 |       31.0 |       31.1 |       31.5 |
defaultBtagLLNoIsoBBTTCut45_topDOWN|       36.4 |       36.1 |       36.6 |       36.3 |       37.2 |       37.4 |       38.1 |       37.8 |       38.2 |       38.7 |       38.8 |       39.5 |       40.3 |       41.1 |       42.3 |       43.4 |       44.9 |       46.8 |       50.2 |       56.1 |       65.5 |       82.3 |       96.5 |       85.2 |       53.9 |       25.9 |       22.3 |       22.3 |       23.8 |       24.0 |       25.7 |       26.3 |       27.0 |       27.3 |       28.2 |       28.1 |       28.9 |       29.0 |       29.1 |       29.3 |       30.0 |       30.4 |       30.1 |       30.2 |       30.2 |       30.5 |       30.3 |       30.9 |       31.2 |       31.0 |       31.1 |       31.5 |
defaultBtagMMNoIsoBBTTCut_topUP    |       33.0 |       32.8 |       33.1 |       32.9 |       33.6 |       33.7 |       34.3 |       34.1 |       34.4 |       34.8 |       34.9 |       35.4 |       36.0 |       36.6 |       37.5 |       38.4 |       39.6 |       41.1 |       43.6 |       48.1 |       55.2 |       67.7 |       77.3 |       68.1 |       44.2 |       23.6 |       21.4 |       21.6 |       22.9 |       23.2 |       24.5 |       25.0 |       25.6 |       25.8 |       26.5 |       26.4 |       27.1 |       27.2 |       27.3 |       27.4 |       27.9 |       28.2 |       28.1 |       28.1 |       28.1 |       28.4 |       28.3 |       28.7 |       28.9 |       28.7 |       28.8 |       29.1 |
defaultBtagMMNoIsoBBTTCut_topDOWN  |       33.0 |       32.8 |       33.1 |       32.9 |       33.6 |       33.7 |       34.3 |       34.1 |       34.4 |       34.8 |       34.9 |       35.4 |       36.0 |       36.6 |       37.5 |       38.4 |       39.6 |       41.1 |       43.6 |       48.1 |       55.2 |       67.7 |       77.3 |       68.1 |       44.2 |       23.6 |       21.4 |       21.6 |       22.9 |       23.2 |       24.5 |       25.0 |       25.6 |       25.8 |       26.5 |       26.4 |       27.1 |       27.2 |       27.3 |       27.4 |       27.9 |       28.2 |       28.1 |       28.1 |       28.1 |       28.4 |       28.3 |       28.7 |       28.9 |       28.7 |       28.8 |       29.1 |

-====-====-====-====-====-====-====-====-====-====-====-====-====-

 EFFICIENCIES OF SIG EVENTS

                | HHrew0     | HHrew1     | HHrew2     | HHrew3     | HHrew4     | HHrew5     | HHrew6     | HHrew7     | HHrew8     | HHrew9     | HHrew10    | HHrew11    | HHrew12    | HHrew13    | HHrew14    | HHrew15    | HHrew16    | HHrew17    | HHrew18    | HHrew19    | HHrew20    | HHrew21    | HHrew22    | HHrew23    | HHrew24    | HHrew25    | HHrew26    | HHrew27    | HHrew28    | HHrew29    | HHrew30    | HHrew31    | HHrew32    | HHrew33    | HHrew34    | HHrew35    | HHrew36    | HHrew37    | HHrew38    | HHrew39    | HHrew40    | HHrew41    | HHrew42    | HHrew43    | HHrew44    | HHrew45    | HHrew46    | HHrew47    | HHrew48    | HHrew49    | HHrew50    | HHrew51    | 
defaultBtagLLNoIso|4.8 (2.0 %) |4.8 (2.0 %) |4.9 (2.0 %) |4.9 (2.0 %) |4.9 (2.0 %) |5.0 (2.0 %) |5.2 (2.0 %) |5.0 (2.0 %) |5.0 (2.1 %) |5.1 (2.1 %) |5.2 (2.1 %) |5.2 (2.1 %) |5.3 (2.1 %) |5.6 (2.1 %) |5.7 (2.2 %) |5.8 (2.2 %) |6.0 (2.2 %) |6.4 (2.3 %) |6.9 (2.3 %) |7.9 (2.4 %) |9.4 (2.6 %) |13.7 (2.8 %) |19.0 (3.0 %) |17.5 (2.9 %) |10.8 (2.4 %) |4.8 (1.7 %) |3.8 (1.5 %) |3.3 (1.6 %) |3.4 (1.6 %) |3.4 (1.6 %) |3.5 (1.7 %) |3.6 (1.7 %) |3.7 (1.7 %) |3.7 (1.7 %) |3.8 (1.8 %) |3.8 (1.8 %) |3.9 (1.8 %) |3.9 (1.8 %) |3.9 (1.8 %) |4.0 (1.8 %) |4.0 (1.8 %) |4.1 (1.8 %) |4.0 (1.8 %) |4.0 (1.8 %) |4.0 (1.8 %) |4.1 (1.8 %) |4.1 (1.8 %) |4.1 (1.9 %) |4.2 (1.9 %) |4.1 (1.9 %) |4.1 (1.9 %) |4.2 (1.9 %) |
defaultBtagMMNoIso|3.1 (1.3 %) |3.1 (1.3 %) |3.1 (1.3 %) |3.1 (1.3 %) |3.2 (1.3 %) |3.2 (1.3 %) |3.3 (1.3 %) |3.2 (1.3 %) |3.2 (1.3 %) |3.3 (1.3 %) |3.3 (1.3 %) |3.3 (1.3 %) |3.4 (1.3 %) |3.6 (1.4 %) |3.7 (1.4 %) |3.7 (1.4 %) |3.8 (1.4 %) |4.1 (1.4 %) |4.4 (1.5 %) |5.0 (1.5 %) |5.9 (1.6 %) |8.6 (1.8 %) |11.9 (1.9 %) |11.0 (1.8 %) |6.8 (1.5 %) |3.1 (1.1 %) |2.4 (1.0 %) |2.2 (1.0 %) |2.2 (1.0 %) |2.2 (1.1 %) |2.3 (1.1 %) |2.3 (1.1 %) |2.4 (1.1 %) |2.4 (1.1 %) |2.4 (1.1 %) |2.4 (1.1 %) |2.5 (1.2 %) |2.5 (1.2 %) |2.5 (1.2 %) |2.6 (1.2 %) |2.6 (1.2 %) |2.6 (1.2 %) |2.6 (1.2 %) |2.6 (1.2 %) |2.6 (1.2 %) |2.6 (1.2 %) |2.6 (1.2 %) |2.6 (1.2 %) |2.7 (1.2 %) |2.6 (1.2 %) |2.7 (1.2 %) |2.7 (1.2 %) |
defaultBtagLLNoIso45|3.7 (1.6 %) |3.7 (1.5 %) |3.8 (1.6 %) |3.8 (1.6 %) |3.8 (1.6 %) |3.9 (1.6 %) |4.0 (1.6 %) |3.9 (1.6 %) |3.9 (1.6 %) |4.0 (1.6 %) |4.0 (1.6 %) |4.0 (1.6 %) |4.1 (1.6 %) |4.4 (1.7 %) |4.5 (1.7 %) |4.6 (1.7 %) |4.7 (1.7 %) |5.0 (1.8 %) |5.5 (1.9 %) |6.3 (2.0 %) |7.6 (2.1 %) |11.3 (2.3 %) |16.0 (2.5 %) |14.8 (2.4 %) |8.9 (2.0 %) |3.7 (1.3 %) |2.8 (1.1 %) |2.5 (1.1 %) |2.5 (1.2 %) |2.5 (1.2 %) |2.6 (1.3 %) |2.7 (1.3 %) |2.8 (1.3 %) |2.8 (1.3 %) |2.9 (1.3 %) |2.8 (1.3 %) |2.9 (1.4 %) |3.0 (1.4 %) |2.9 (1.4 %) |3.0 (1.4 %) |3.0 (1.4 %) |3.1 (1.4 %) |3.1 (1.4 %) |3.1 (1.4 %) |3.0 (1.4 %) |3.1 (1.4 %) |3.1 (1.4 %) |3.1 (1.4 %) |3.2 (1.4 %) |3.1 (1.4 %) |3.1 (1.4 %) |3.2 (1.4 %) |
defaultBtagMMNoIso45|2.4 (1.0 %) |2.3 (1.0 %) |2.4 (1.0 %) |2.4 (1.0 %) |2.4 (1.0 %) |2.4 (1.0 %) |2.6 (1.0 %) |2.5 (1.0 %) |2.5 (1.0 %) |2.5 (1.0 %) |2.6 (1.0 %) |2.6 (1.0 %) |2.6 (1.0 %) |2.8 (1.0 %) |2.8 (1.1 %) |2.9 (1.1 %) |3.0 (1.1 %) |3.2 (1.1 %) |3.5 (1.2 %) |4.0 (1.2 %) |4.8 (1.3 %) |7.1 (1.5 %) |10.0 (1.6 %) |9.2 (1.5 %) |5.6 (1.2 %) |2.3 (0.8 %) |1.8 (0.7 %) |1.6 (0.7 %) |1.6 (0.8 %) |1.6 (0.8 %) |1.7 (0.8 %) |1.7 (0.8 %) |1.8 (0.8 %) |1.7 (0.8 %) |1.8 (0.8 %) |1.8 (0.8 %) |1.9 (0.9 %) |1.9 (0.9 %) |1.9 (0.9 %) |1.9 (0.9 %) |1.9 (0.9 %) |2.0 (0.9 %) |1.9 (0.9 %) |1.9 (0.9 %) |1.9 (0.9 %) |2.0 (0.9 %) |2.0 (0.9 %) |2.0 (0.9 %) |2.0 (0.9 %) |2.0 (0.9 %) |2.0 (0.9 %) |2.0 (0.9 %) |
defaultBtagLLNoIsoBBTTCut|3.8 (1.6 %) |3.8 (1.6 %) |3.8 (1.6 %) |3.8 (1.6 %) |3.9 (1.6 %) |3.9 (1.6 %) |4.1 (1.6 %) |3.9 (1.6 %) |3.9 (1.6 %) |4.0 (1.6 %) |4.1 (1.6 %) |4.1 (1.6 %) |4.1 (1.7 %) |4.4 (1.7 %) |4.5 (1.7 %) |4.5 (1.7 %) |4.7 (1.7 %) |5.0 (1.8 %) |5.4 (1.8 %) |6.2 (1.9 %) |7.4 (2.0 %) |10.8 (2.2 %) |15.1 (2.4 %) |13.9 (2.3 %) |8.6 (1.9 %) |3.8 (1.3 %) |3.0 (1.2 %) |2.6 (1.2 %) |2.7 (1.3 %) |2.7 (1.3 %) |2.8 (1.3 %) |2.8 (1.3 %) |2.9 (1.4 %) |2.9 (1.4 %) |3.0 (1.4 %) |3.0 (1.4 %) |3.0 (1.4 %) |3.1 (1.4 %) |3.0 (1.4 %) |3.1 (1.4 %) |3.1 (1.4 %) |3.2 (1.4 %) |3.2 (1.4 %) |3.2 (1.4 %) |3.1 (1.4 %) |3.2 (1.4 %) |3.2 (1.4 %) |3.2 (1.5 %) |3.3 (1.5 %) |3.2 (1.5 %) |3.2 (1.5 %) |3.3 (1.5 %) |
defaultBtagLLNoIsoBBTTCut45|2.9 (1.2 %) |2.9 (1.2 %) |2.9 (1.2 %) |2.9 (1.2 %) |3.0 (1.2 %) |3.0 (1.2 %) |3.1 (1.2 %) |3.0 (1.2 %) |3.0 (1.2 %) |3.1 (1.3 %) |3.2 (1.3 %) |3.2 (1.3 %) |3.2 (1.3 %) |3.4 (1.3 %) |3.5 (1.3 %) |3.6 (1.3 %) |3.7 (1.4 %) |3.9 (1.4 %) |4.3 (1.4 %) |5.0 (1.5 %) |6.0 (1.7 %) |8.9 (1.8 %) |12.7 (2.0 %) |11.7 (1.9 %) |7.1 (1.6 %) |2.9 (1.0 %) |2.2 (0.9 %) |1.9 (0.9 %) |1.9 (0.9 %) |1.9 (0.9 %) |2.0 (1.0 %) |2.1 (1.0 %) |2.2 (1.0 %) |2.1 (1.0 %) |2.2 (1.0 %) |2.2 (1.0 %) |2.3 (1.1 %) |2.3 (1.0 %) |2.3 (1.1 %) |2.3 (1.1 %) |2.4 (1.1 %) |2.4 (1.1 %) |2.4 (1.1 %) |2.4 (1.1 %) |2.4 (1.1 %) |2.4 (1.1 %) |2.4 (1.1 %) |2.4 (1.1 %) |2.5 (1.1 %) |2.4 (1.1 %) |2.4 (1.1 %) |2.5 (1.1 %) |
defaultBtagMMNoIsoBBTTCut  |2.6 (1.1 %) |2.6 (1.1 %) |2.7 (1.1 %) |2.7 (1.1 %) |2.7 (1.1 %) |2.7 (1.1 %) |2.8 (1.1 %) |2.7 (1.1 %) |2.7 (1.1 %) |2.8 (1.1 %) |2.8 (1.1 %) |2.8 (1.1 %) |2.9 (1.1 %) |3.0 (1.2 %) |3.1 (1.2 %) |3.2 (1.2 %) |3.3 (1.2 %) |3.5 (1.2 %) |3.7 (1.3 %) |4.3 (1.3 %) |5.0 (1.4 %) |7.4 (1.5 %) |10.2 (1.6 %) |9.4 (1.5 %) |5.8 (1.3 %) |2.6 (0.9 %) |2.1 (0.9 %) |1.9 (0.9 %) |1.9 (0.9 %) |1.9 (0.9 %) |1.9 (0.9 %) |2.0 (0.9 %) |2.0 (1.0 %) |2.0 (1.0 %) |2.1 (1.0 %) |2.1 (1.0 %) |2.1 (1.0 %) |2.2 (1.0 %) |2.1 (1.0 %) |2.2 (1.0 %) |2.2 (1.0 %) |2.2 (1.0 %) |2.2 (1.0 %) |2.2 (1.0 %) |2.2 (1.0 %) |2.2 (1.0 %) |2.2 (1.0 %) |2.3 (1.0 %) |2.3 (1.0 %) |2.3 (1.0 %) |2.3 (1.0 %) |2.3 (1.0 %) |
defaultBtagLLNoIso_topUP   |4.8 (2.0 %) |4.8 (2.0 %) |4.9 (2.0 %) |4.9 (2.0 %) |4.9 (2.0 %) |5.0 (2.0 %) |5.2 (2.0 %) |5.0 (2.0 %) |5.0 (2.1 %) |5.1 (2.1 %) |5.2 (2.1 %) |5.2 (2.1 %) |5.3 (2.1 %) |5.6 (2.1 %) |5.7 (2.2 %) |5.8 (2.2 %) |6.0 (2.2 %) |6.4 (2.3 %) |6.9 (2.3 %) |7.9 (2.4 %) |9.4 (2.6 %) |13.7 (2.8 %) |19.0 (3.0 %) |17.5 (2.9 %) |10.8 (2.4 %) |4.8 (1.7 %) |3.8 (1.5 %) |3.3 (1.6 %) |3.4 (1.6 %) |3.4 (1.6 %) |3.5 (1.7 %) |3.6 (1.7 %) |3.7 (1.7 %) |3.7 (1.7 %) |3.8 (1.8 %) |3.8 (1.8 %) |3.9 (1.8 %) |3.9 (1.8 %) |3.9 (1.8 %) |4.0 (1.8 %) |4.0 (1.8 %) |4.1 (1.8 %) |4.0 (1.8 %) |4.0 (1.8 %) |4.0 (1.8 %) |4.1 (1.8 %) |4.1 (1.8 %) |4.1 (1.9 %) |4.2 (1.9 %) |4.1 (1.9 %) |4.1 (1.9 %) |4.2 (1.9 %) |
defaultBtagLLNoIso_topDOWN |4.8 (2.0 %) |4.8 (2.0 %) |4.9 (2.0 %) |4.9 (2.0 %) |4.9 (2.0 %) |5.0 (2.0 %) |5.2 (2.0 %) |5.0 (2.0 %) |5.0 (2.1 %) |5.1 (2.1 %) |5.2 (2.1 %) |5.2 (2.1 %) |5.3 (2.1 %) |5.6 (2.1 %) |5.7 (2.2 %) |5.8 (2.2 %) |6.0 (2.2 %) |6.4 (2.3 %) |6.9 (2.3 %) |7.9 (2.4 %) |9.4 (2.6 %) |13.7 (2.8 %) |19.0 (3.0 %) |17.5 (2.9 %) |10.8 (2.4 %) |4.8 (1.7 %) |3.8 (1.5 %) |3.3 (1.6 %) |3.4 (1.6 %) |3.4 (1.6 %) |3.5 (1.7 %) |3.6 (1.7 %) |3.7 (1.7 %) |3.7 (1.7 %) |3.8 (1.8 %) |3.8 (1.8 %) |3.9 (1.8 %) |3.9 (1.8 %) |3.9 (1.8 %) |4.0 (1.8 %) |4.0 (1.8 %) |4.1 (1.8 %) |4.0 (1.8 %) |4.0 (1.8 %) |4.0 (1.8 %) |4.1 (1.8 %) |4.1 (1.8 %) |4.1 (1.9 %) |4.2 (1.9 %) |4.1 (1.9 %) |4.1 (1.9 %) |4.2 (1.9 %) |
defaultBtagMMNoIso_topUP   |3.1 (1.3 %) |3.1 (1.3 %) |3.1 (1.3 %) |3.1 (1.3 %) |3.2 (1.3 %) |3.2 (1.3 %) |3.3 (1.3 %) |3.2 (1.3 %) |3.2 (1.3 %) |3.3 (1.3 %) |3.3 (1.3 %) |3.3 (1.3 %) |3.4 (1.3 %) |3.6 (1.4 %) |3.7 (1.4 %) |3.7 (1.4 %) |3.8 (1.4 %) |4.1 (1.4 %) |4.4 (1.5 %) |5.0 (1.5 %) |5.9 (1.6 %) |8.6 (1.8 %) |11.9 (1.9 %) |11.0 (1.8 %) |6.8 (1.5 %) |3.1 (1.1 %) |2.4 (1.0 %) |2.2 (1.0 %) |2.2 (1.0 %) |2.2 (1.1 %) |2.3 (1.1 %) |2.3 (1.1 %) |2.4 (1.1 %) |2.4 (1.1 %) |2.4 (1.1 %) |2.4 (1.1 %) |2.5 (1.2 %) |2.5 (1.2 %) |2.5 (1.2 %) |2.6 (1.2 %) |2.6 (1.2 %) |2.6 (1.2 %) |2.6 (1.2 %) |2.6 (1.2 %) |2.6 (1.2 %) |2.6 (1.2 %) |2.6 (1.2 %) |2.6 (1.2 %) |2.7 (1.2 %) |2.6 (1.2 %) |2.7 (1.2 %) |2.7 (1.2 %) |
defaultBtagMMNoIso_topDOWN |3.1 (1.3 %) |3.1 (1.3 %) |3.1 (1.3 %) |3.1 (1.3 %) |3.2 (1.3 %) |3.2 (1.3 %) |3.3 (1.3 %) |3.2 (1.3 %) |3.2 (1.3 %) |3.3 (1.3 %) |3.3 (1.3 %) |3.3 (1.3 %) |3.4 (1.3 %) |3.6 (1.4 %) |3.7 (1.4 %) |3.7 (1.4 %) |3.8 (1.4 %) |4.1 (1.4 %) |4.4 (1.5 %) |5.0 (1.5 %) |5.9 (1.6 %) |8.6 (1.8 %) |11.9 (1.9 %) |11.0 (1.8 %) |6.8 (1.5 %) |3.1 (1.1 %) |2.4 (1.0 %) |2.2 (1.0 %) |2.2 (1.0 %) |2.2 (1.1 %) |2.3 (1.1 %) |2.3 (1.1 %) |2.4 (1.1 %) |2.4 (1.1 %) |2.4 (1.1 %) |2.4 (1.1 %) |2.5 (1.2 %) |2.5 (1.2 %) |2.5 (1.2 %) |2.6 (1.2 %) |2.6 (1.2 %) |2.6 (1.2 %) |2.6 (1.2 %) |2.6 (1.2 %) |2.6 (1.2 %) |2.6 (1.2 %) |2.6 (1.2 %) |2.6 (1.2 %) |2.7 (1.2 %) |2.6 (1.2 %) |2.7 (1.2 %) |2.7 (1.2 %) |
defaultBtagLLNoIso45_topUP |3.7 (1.6 %) |3.7 (1.5 %) |3.8 (1.6 %) |3.8 (1.6 %) |3.8 (1.6 %) |3.9 (1.6 %) |4.0 (1.6 %) |3.9 (1.6 %) |3.9 (1.6 %) |4.0 (1.6 %) |4.0 (1.6 %) |4.0 (1.6 %) |4.1 (1.6 %) |4.4 (1.7 %) |4.5 (1.7 %) |4.6 (1.7 %) |4.7 (1.7 %) |5.0 (1.8 %) |5.5 (1.9 %) |6.3 (2.0 %) |7.6 (2.1 %) |11.3 (2.3 %) |16.0 (2.5 %) |14.8 (2.4 %) |8.9 (2.0 %) |3.7 (1.3 %) |2.8 (1.1 %) |2.5 (1.1 %) |2.5 (1.2 %) |2.5 (1.2 %) |2.6 (1.3 %) |2.7 (1.3 %) |2.8 (1.3 %) |2.8 (1.3 %) |2.9 (1.3 %) |2.8 (1.3 %) |2.9 (1.4 %) |3.0 (1.4 %) |2.9 (1.4 %) |3.0 (1.4 %) |3.0 (1.4 %) |3.1 (1.4 %) |3.1 (1.4 %) |3.1 (1.4 %) |3.0 (1.4 %) |3.1 (1.4 %) |3.1 (1.4 %) |3.1 (1.4 %) |3.2 (1.4 %) |3.1 (1.4 %) |3.1 (1.4 %) |3.2 (1.4 %) |
defaultBtagLLNoIso45_topDOWN|3.7 (1.6 %) |3.7 (1.5 %) |3.8 (1.6 %) |3.8 (1.6 %) |3.8 (1.6 %) |3.9 (1.6 %) |4.0 (1.6 %) |3.9 (1.6 %) |3.9 (1.6 %) |4.0 (1.6 %) |4.0 (1.6 %) |4.0 (1.6 %) |4.1 (1.6 %) |4.4 (1.7 %) |4.5 (1.7 %) |4.6 (1.7 %) |4.7 (1.7 %) |5.0 (1.8 %) |5.5 (1.9 %) |6.3 (2.0 %) |7.6 (2.1 %) |11.3 (2.3 %) |16.0 (2.5 %) |14.8 (2.4 %) |8.9 (2.0 %) |3.7 (1.3 %) |2.8 (1.1 %) |2.5 (1.1 %) |2.5 (1.2 %) |2.5 (1.2 %) |2.6 (1.3 %) |2.7 (1.3 %) |2.8 (1.3 %) |2.8 (1.3 %) |2.9 (1.3 %) |2.8 (1.3 %) |2.9 (1.4 %) |3.0 (1.4 %) |2.9 (1.4 %) |3.0 (1.4 %) |3.0 (1.4 %) |3.1 (1.4 %) |3.1 (1.4 %) |3.1 (1.4 %) |3.0 (1.4 %) |3.1 (1.4 %) |3.1 (1.4 %) |3.1 (1.4 %) |3.2 (1.4 %) |3.1 (1.4 %) |3.1 (1.4 %) |3.2 (1.4 %) |
defaultBtagMMNoIso45_topUP  |2.4 (1.0 %) |2.3 (1.0 %) |2.4 (1.0 %) |2.4 (1.0 %) |2.4 (1.0 %) |2.4 (1.0 %) |2.6 (1.0 %) |2.5 (1.0 %) |2.5 (1.0 %) |2.5 (1.0 %) |2.6 (1.0 %) |2.6 (1.0 %) |2.6 (1.0 %) |2.8 (1.0 %) |2.8 (1.1 %) |2.9 (1.1 %) |3.0 (1.1 %) |3.2 (1.1 %) |3.5 (1.2 %) |4.0 (1.2 %) |4.8 (1.3 %) |7.1 (1.5 %) |10.0 (1.6 %) |9.2 (1.5 %) |5.6 (1.2 %) |2.3 (0.8 %) |1.8 (0.7 %) |1.6 (0.7 %) |1.6 (0.8 %) |1.6 (0.8 %) |1.7 (0.8 %) |1.7 (0.8 %) |1.8 (0.8 %) |1.7 (0.8 %) |1.8 (0.8 %) |1.8 (0.8 %) |1.9 (0.9 %) |1.9 (0.9 %) |1.9 (0.9 %) |1.9 (0.9 %) |1.9 (0.9 %) |2.0 (0.9 %) |1.9 (0.9 %) |1.9 (0.9 %) |1.9 (0.9 %) |2.0 (0.9 %) |2.0 (0.9 %) |2.0 (0.9 %) |2.0 (0.9 %) |2.0 (0.9 %) |2.0 (0.9 %) |2.0 (0.9 %) |
defaultBtagMMNoIso45_topDOWN|2.4 (1.0 %) |2.3 (1.0 %) |2.4 (1.0 %) |2.4 (1.0 %) |2.4 (1.0 %) |2.4 (1.0 %) |2.6 (1.0 %) |2.5 (1.0 %) |2.5 (1.0 %) |2.5 (1.0 %) |2.6 (1.0 %) |2.6 (1.0 %) |2.6 (1.0 %) |2.8 (1.0 %) |2.8 (1.1 %) |2.9 (1.1 %) |3.0 (1.1 %) |3.2 (1.1 %) |3.5 (1.2 %) |4.0 (1.2 %) |4.8 (1.3 %) |7.1 (1.5 %) |10.0 (1.6 %) |9.2 (1.5 %) |5.6 (1.2 %) |2.3 (0.8 %) |1.8 (0.7 %) |1.6 (0.7 %) |1.6 (0.8 %) |1.6 (0.8 %) |1.7 (0.8 %) |1.7 (0.8 %) |1.8 (0.8 %) |1.7 (0.8 %) |1.8 (0.8 %) |1.8 (0.8 %) |1.9 (0.9 %) |1.9 (0.9 %) |1.9 (0.9 %) |1.9 (0.9 %) |1.9 (0.9 %) |2.0 (0.9 %) |1.9 (0.9 %) |1.9 (0.9 %) |1.9 (0.9 %) |2.0 (0.9 %) |2.0 (0.9 %) |2.0 (0.9 %) |2.0 (0.9 %) |2.0 (0.9 %) |2.0 (0.9 %) |2.0 (0.9 %) |
defaultBtagLLNoIsoBBTTCut_topUP|3.8 (1.6 %) |3.8 (1.6 %) |3.8 (1.6 %) |3.8 (1.6 %) |3.9 (1.6 %) |3.9 (1.6 %) |4.1 (1.6 %) |3.9 (1.6 %) |3.9 (1.6 %) |4.0 (1.6 %) |4.1 (1.6 %) |4.1 (1.6 %) |4.1 (1.7 %) |4.4 (1.7 %) |4.5 (1.7 %) |4.5 (1.7 %) |4.7 (1.7 %) |5.0 (1.8 %) |5.4 (1.8 %) |6.2 (1.9 %) |7.4 (2.0 %) |10.8 (2.2 %) |15.1 (2.4 %) |13.9 (2.3 %) |8.6 (1.9 %) |3.8 (1.3 %) |3.0 (1.2 %) |2.6 (1.2 %) |2.7 (1.3 %) |2.7 (1.3 %) |2.8 (1.3 %) |2.8 (1.3 %) |2.9 (1.4 %) |2.9 (1.4 %) |3.0 (1.4 %) |3.0 (1.4 %) |3.0 (1.4 %) |3.1 (1.4 %) |3.0 (1.4 %) |3.1 (1.4 %) |3.1 (1.4 %) |3.2 (1.4 %) |3.2 (1.4 %) |3.2 (1.4 %) |3.1 (1.4 %) |3.2 (1.4 %) |3.2 (1.4 %) |3.2 (1.5 %) |3.3 (1.5 %) |3.2 (1.5 %) |3.2 (1.5 %) |3.3 (1.5 %) |
defaultBtagLLNoIsoBBTTCut_topDOWN|3.8 (1.6 %) |3.8 (1.6 %) |3.8 (1.6 %) |3.8 (1.6 %) |3.9 (1.6 %) |3.9 (1.6 %) |4.1 (1.6 %) |3.9 (1.6 %) |3.9 (1.6 %) |4.0 (1.6 %) |4.1 (1.6 %) |4.1 (1.6 %) |4.1 (1.7 %) |4.4 (1.7 %) |4.5 (1.7 %) |4.5 (1.7 %) |4.7 (1.7 %) |5.0 (1.8 %) |5.4 (1.8 %) |6.2 (1.9 %) |7.4 (2.0 %) |10.8 (2.2 %) |15.1 (2.4 %) |13.9 (2.3 %) |8.6 (1.9 %) |3.8 (1.3 %) |3.0 (1.2 %) |2.6 (1.2 %) |2.7 (1.3 %) |2.7 (1.3 %) |2.8 (1.3 %) |2.8 (1.3 %) |2.9 (1.4 %) |2.9 (1.4 %) |3.0 (1.4 %) |3.0 (1.4 %) |3.0 (1.4 %) |3.1 (1.4 %) |3.0 (1.4 %) |3.1 (1.4 %) |3.1 (1.4 %) |3.2 (1.4 %) |3.2 (1.4 %) |3.2 (1.4 %) |3.1 (1.4 %) |3.2 (1.4 %) |3.2 (1.4 %) |3.2 (1.5 %) |3.3 (1.5 %) |3.2 (1.5 %) |3.2 (1.5 %) |3.3 (1.5 %) |
defaultBtagLLNoIsoBBTTCut45_topUP|2.9 (1.2 %) |2.9 (1.2 %) |2.9 (1.2 %) |2.9 (1.2 %) |3.0 (1.2 %) |3.0 (1.2 %) |3.1 (1.2 %) |3.0 (1.2 %) |3.0 (1.2 %) |3.1 (1.3 %) |3.2 (1.3 %) |3.2 (1.3 %) |3.2 (1.3 %) |3.4 (1.3 %) |3.5 (1.3 %) |3.6 (1.3 %) |3.7 (1.4 %) |3.9 (1.4 %) |4.3 (1.4 %) |5.0 (1.5 %) |6.0 (1.7 %) |8.9 (1.8 %) |12.7 (2.0 %) |11.7 (1.9 %) |7.1 (1.6 %) |2.9 (1.0 %) |2.2 (0.9 %) |1.9 (0.9 %) |1.9 (0.9 %) |1.9 (0.9 %) |2.0 (1.0 %) |2.1 (1.0 %) |2.2 (1.0 %) |2.1 (1.0 %) |2.2 (1.0 %) |2.2 (1.0 %) |2.3 (1.1 %) |2.3 (1.0 %) |2.3 (1.1 %) |2.3 (1.1 %) |2.4 (1.1 %) |2.4 (1.1 %) |2.4 (1.1 %) |2.4 (1.1 %) |2.4 (1.1 %) |2.4 (1.1 %) |2.4 (1.1 %) |2.4 (1.1 %) |2.5 (1.1 %) |2.4 (1.1 %) |2.4 (1.1 %) |2.5 (1.1 %) |
defaultBtagLLNoIsoBBTTCut45_topDOWN|2.9 (1.2 %) |2.9 (1.2 %) |2.9 (1.2 %) |2.9 (1.2 %) |3.0 (1.2 %) |3.0 (1.2 %) |3.1 (1.2 %) |3.0 (1.2 %) |3.0 (1.2 %) |3.1 (1.3 %) |3.2 (1.3 %) |3.2 (1.3 %) |3.2 (1.3 %) |3.4 (1.3 %) |3.5 (1.3 %) |3.6 (1.3 %) |3.7 (1.4 %) |3.9 (1.4 %) |4.3 (1.4 %) |5.0 (1.5 %) |6.0 (1.7 %) |8.9 (1.8 %) |12.7 (2.0 %) |11.7 (1.9 %) |7.1 (1.6 %) |2.9 (1.0 %) |2.2 (0.9 %) |1.9 (0.9 %) |1.9 (0.9 %) |1.9 (0.9 %) |2.0 (1.0 %) |2.1 (1.0 %) |2.2 (1.0 %) |2.1 (1.0 %) |2.2 (1.0 %) |2.2 (1.0 %) |2.3 (1.1 %) |2.3 (1.0 %) |2.3 (1.1 %) |2.3 (1.1 %) |2.4 (1.1 %) |2.4 (1.1 %) |2.4 (1.1 %) |2.4 (1.1 %) |2.4 (1.1 %) |2.4 (1.1 %) |2.4 (1.1 %) |2.4 (1.1 %) |2.5 (1.1 %) |2.4 (1.1 %) |2.4 (1.1 %) |2.5 (1.1 %) |
defaultBtagMMNoIsoBBTTCut_topUP    |2.6 (1.1 %) |2.6 (1.1 %) |2.7 (1.1 %) |2.7 (1.1 %) |2.7 (1.1 %) |2.7 (1.1 %) |2.8 (1.1 %) |2.7 (1.1 %) |2.7 (1.1 %) |2.8 (1.1 %) |2.8 (1.1 %) |2.8 (1.1 %) |2.9 (1.1 %) |3.0 (1.2 %) |3.1 (1.2 %) |3.2 (1.2 %) |3.3 (1.2 %) |3.5 (1.2 %) |3.7 (1.3 %) |4.3 (1.3 %) |5.0 (1.4 %) |7.4 (1.5 %) |10.2 (1.6 %) |9.4 (1.5 %) |5.8 (1.3 %) |2.6 (0.9 %) |2.1 (0.9 %) |1.9 (0.9 %) |1.9 (0.9 %) |1.9 (0.9 %) |1.9 (0.9 %) |2.0 (0.9 %) |2.0 (1.0 %) |2.0 (1.0 %) |2.1 (1.0 %) |2.1 (1.0 %) |2.1 (1.0 %) |2.2 (1.0 %) |2.1 (1.0 %) |2.2 (1.0 %) |2.2 (1.0 %) |2.2 (1.0 %) |2.2 (1.0 %) |2.2 (1.0 %) |2.2 (1.0 %) |2.2 (1.0 %) |2.2 (1.0 %) |2.3 (1.0 %) |2.3 (1.0 %) |2.3 (1.0 %) |2.3 (1.0 %) |2.3 (1.0 %) |
defaultBtagMMNoIsoBBTTCut_topDOWN  |2.6 (1.1 %) |2.6 (1.1 %) |2.7 (1.1 %) |2.7 (1.1 %) |2.7 (1.1 %) |2.7 (1.1 %) |2.8 (1.1 %) |2.7 (1.1 %) |2.7 (1.1 %) |2.8 (1.1 %) |2.8 (1.1 %) |2.8 (1.1 %) |2.9 (1.1 %) |3.0 (1.2 %) |3.1 (1.2 %) |3.2 (1.2 %) |3.3 (1.2 %) |3.5 (1.2 %) |3.7 (1.3 %) |4.3 (1.3 %) |5.0 (1.4 %) |7.4 (1.5 %) |10.2 (1.6 %) |9.4 (1.5 %) |5.8 (1.3 %) |2.6 (0.9 %) |2.1 (0.9 %) |1.9 (0.9 %) |1.9 (0.9 %) |1.9 (0.9 %) |1.9 (0.9 %) |2.0 (0.9 %) |2.0 (1.0 %) |2.0 (1.0 %) |2.1 (1.0 %) |2.1 (1.0 %) |2.1 (1.0 %) |2.2 (1.0 %) |2.1 (1.0 %) |2.2 (1.0 %) |2.2 (1.0 %) |2.2 (1.0 %) |2.2 (1.0 %) |2.2 (1.0 %) |2.2 (1.0 %) |2.2 (1.0 %) |2.2 (1.0 %) |2.3 (1.0 %) |2.3 (1.0 %) |2.3 (1.0 %) |2.3 (1.0 %) |2.3 (1.0 %) |

-====-====-====-====-====-====-====-====-====-====-====-====-====-

 EXPECTED NUMBER OF BKG EVENTS

                | DY0b       | DY1b       | DY2b       | WJetsIncl  | WJets10020 | WJets20040 | WJets40060 | WJets600In | TT         | TWtop      | TWantitop  | WWToLNuQQ  | WZTo1L1Nu2 | WZTo1L3Nu  | WZTo2L2Q   | ZZTo2L2Q   | ZZTo4L     | QCD        | 
defaultBtagLLNoIso|        4.7 |        1.8 |        2.1 |          0.0 |          0.0 |        0.5 |        0.2 |        0.1 |       25.4 |        0.6 |        0.7 |        0.1 |           0.0 |          0.0 |        0.2 |        0.3 |          0.0 |       11.2 |
defaultBtagMMNoIso|        0.2 |          0.0 |        2.8 |          0.0 |          0.0 |          0.0 |          0.0 |         0.1 |       16.3 |        0.3 |        0.5 |         0.1 |           0.0 |          0.0 |         0.0 |        0.1 |          0.0 |          -1.6 |
defaultBtagLLNoIso45|        3.3 |        1.4 |        1.5 |          0.0 |          0.0 |        0.5 |         0.1 |         0.1 |       17.4 |        0.4 |        0.4 |         0.1 |           0.0 |          0.0 |        0.1 |        0.2 |          0.0 |        3.1 |
defaultBtagMMNoIso45|        0.2 |          0.0 |        2.1 |          0.0 |          0.0 |          0.0 |          0.0 |          0.0 |       11.1 |        0.1 |        0.2 |         0.1 |          0.0 |          0.0 |         0.0 |         0.1 |          0.0 |          -0.8 |
defaultBtagLLNoIsoBBTTCut|        1.0 |        0.6 |        0.4 |          0.0 |          0.0 |          0.0 |          0.0 |          0.0 |        3.8 |          0.0 |          0.0 |          0.0 |          0.0 |          0.0 |         0.1 |        0.1 |          0.0 |        2.1 |
defaultBtagLLNoIsoBBTTCut45|        0.5 |        0.5 |        0.2 |          0.0 |          0.0 |          0.0 |          0.0 |          0.0 |        2.3 |          0.0 |          0.0 |          0.0 |          0.0 |          0.0 |         0.0 |         0.1 |          0.0 |        1.5 |
defaultBtagMMNoIsoBBTTCut  |         0.1 |          0.0 |        0.5 |          0.0 |          0.0 |          0.0 |          0.0 |          0.0 |        2.4 |          0.0 |          0.0 |          0.0 |          -0.0 |          0.0 |           0.0 |         0.0 |           0.0 |          -0.4 |
defaultBtagLLNoIso_topUP   |        4.7 |        1.8 |        2.1 |          0.0 |          0.0 |        0.5 |        0.2 |        0.1 |       24.1 |        0.6 |        0.7 |        0.1 |           0.0 |          0.0 |        0.2 |        0.3 |          0.0 |       11.3 |
defaultBtagLLNoIso_topDOWN |        4.7 |        1.8 |        2.1 |          0.0 |          0.0 |        0.5 |        0.2 |        0.1 |       27.1 |        0.6 |        0.7 |        0.1 |           0.0 |          0.0 |        0.2 |        0.3 |          0.0 |       11.1 |
defaultBtagMMNoIso_topUP   |        0.2 |          0.0 |        2.8 |          0.0 |          0.0 |          0.0 |          0.0 |         0.1 |       15.4 |        0.3 |        0.5 |         0.1 |           0.0 |          0.0 |         0.0 |        0.1 |          0.0 |          -1.5 |
defaultBtagMMNoIso_topDOWN |        0.2 |          0.0 |        2.8 |          0.0 |          0.0 |          0.0 |          0.0 |         0.1 |       17.3 |        0.3 |        0.5 |         0.1 |           0.0 |          0.0 |         0.0 |        0.1 |          0.0 |          -1.6 |
defaultBtagLLNoIso45_topUP |        3.3 |        1.4 |        1.5 |          0.0 |          0.0 |        0.5 |         0.1 |         0.1 |       16.3 |        0.4 |        0.4 |         0.1 |           0.0 |          0.0 |        0.1 |        0.2 |          0.0 |        3.2 |
defaultBtagLLNoIso45_topDOWN|        3.3 |        1.4 |        1.5 |          0.0 |          0.0 |        0.5 |         0.1 |         0.1 |       18.8 |        0.4 |        0.4 |         0.1 |           0.0 |          0.0 |        0.1 |        0.2 |          0.0 |        3.0 |
defaultBtagMMNoIso45_topUP  |        0.2 |          0.0 |        2.1 |          0.0 |          0.0 |          0.0 |          0.0 |          0.0 |       10.4 |        0.1 |        0.2 |         0.1 |          0.0 |          0.0 |         0.0 |         0.1 |          0.0 |          -0.8 |
defaultBtagMMNoIso45_topDOWN|        0.2 |          0.0 |        2.1 |          0.0 |          0.0 |          0.0 |          0.0 |          0.0 |       12.0 |        0.1 |        0.2 |         0.1 |          0.0 |          0.0 |         0.0 |         0.1 |          0.0 |          -0.9 |
defaultBtagLLNoIsoBBTTCut_topUP|        1.0 |        0.6 |        0.4 |          0.0 |          0.0 |          0.0 |          0.0 |          0.0 |        3.8 |          0.0 |          0.0 |          0.0 |          0.0 |          0.0 |         0.1 |        0.1 |          0.0 |        2.2 |
defaultBtagLLNoIsoBBTTCut_topDOWN|        1.0 |        0.6 |        0.4 |          0.0 |          0.0 |          0.0 |          0.0 |          0.0 |        3.9 |          0.0 |          0.0 |          0.0 |          0.0 |          0.0 |         0.1 |        0.1 |          0.0 |        2.1 |
defaultBtagLLNoIsoBBTTCut45_topUP|        0.5 |        0.5 |        0.2 |          0.0 |          0.0 |          0.0 |          0.0 |          0.0 |        2.2 |          0.0 |          0.0 |          0.0 |          0.0 |          0.0 |         0.0 |         0.1 |          0.0 |        1.5 |
defaultBtagLLNoIsoBBTTCut45_topDOWN|        0.5 |        0.5 |        0.2 |          0.0 |          0.0 |          0.0 |          0.0 |          0.0 |        2.3 |          0.0 |          0.0 |          0.0 |          0.0 |          0.0 |         0.0 |         0.1 |          0.0 |        1.5 |
defaultBtagMMNoIsoBBTTCut_topUP    |         0.1 |          0.0 |        0.5 |          0.0 |          0.0 |          0.0 |          0.0 |          0.0 |        2.4 |          0.0 |          0.0 |          0.0 |          -0.0 |          0.0 |           0.0 |         0.0 |           0.0 |          -0.4 |
defaultBtagMMNoIsoBBTTCut_topDOWN  |         0.1 |          0.0 |        0.5 |          0.0 |          0.0 |          0.0 |          0.0 |          0.0 |        2.4 |          0.0 |          0.0 |          0.0 |          -0.0 |          0.0 |           0.0 |         0.0 |           0.0 |          -0.4 |

-====-====-====-====-====-====-====-====-====-====-====-====-====-

 EFFICIENCIES OF BKG EVENTS

                | DY0b       | DY1b       | DY2b       | WJetsIncl  | WJets10020 | WJets20040 | WJets40060 | WJets600In | TT         | TWtop      | TWantitop  | WWToLNuQQ  | WZTo1L1Nu2 | WZTo1L3Nu  | WZTo2L2Q   | ZZTo2L2Q   | ZZTo4L     | 
defaultBtagLLNoIso|0.0 (0.0 %) |0.0 (0.0 %) |0.0 (0.1 %) |0.0 (0.0 %) |0.0 (0.0 %) |0.0 (0.0 %) |0.0 (0.0 %) |0.0 (0.0 %) |0.0 (0.0 %) |0.0 (0.0 %) |0.0 (0.0 %) |0.0 (0.0 %) |0.0 (0.0 %) |0.0 (0.0 %) |0.0 (0.0 %) |0.0 (0.0 %) |0.0 (0.0 %) |
defaultBtagMMNoIso|0.0 (0.0 %) |0.0 (0.0 %) |0.0 (0.1 %) |0.0 (0.0 %) |0.0 (0.0 %) |0.0 (0.0 %) |0.0 (0.0 %) |0.0 (0.0 %) |0.0 (0.0 %) |0.0 (0.0 %) |0.0 (0.0 %) |0.0 (0.0 %) |0.0 (0.0 %) |0.0 (0.0 %) |0.0 (0.0 %) |0.0 (0.0 %) |0.0 (0.0 %) |
defaultBtagLLNoIso45|0.0 (0.0 %) |0.0 (0.0 %) |0.0 (0.1 %) |0.0 (0.0 %) |0.0 (0.0 %) |0.0 (0.0 %) |0.0 (0.0 %) |0.0 (0.0 %) |0.0 (0.0 %) |0.0 (0.0 %) |0.0 (0.0 %) |0.0 (0.0 %) |0.0 (0.0 %) |0.0 (0.0 %) |0.0 (0.0 %) |0.0 (0.0 %) |0.0 (0.0 %) |
defaultBtagMMNoIso45|0.0 (0.0 %) |0.0 (0.0 %) |0.0 (0.1 %) |0.0 (0.0 %) |0.0 (0.0 %) |0.0 (0.0 %) |0.0 (0.0 %) |0.0 (0.0 %) |0.0 (0.0 %) |0.0 (0.0 %) |0.0 (0.0 %) |0.0 (0.0 %) |0.0 (0.0 %) |0.0 (0.0 %) |0.0 (0.0 %) |0.0 (0.0 %) |0.0 (0.0 %) |
defaultBtagLLNoIsoBBTTCut|0.0 (0.0 %) |0.0 (0.0 %) |0.0 (0.0 %) |0.0 (0.0 %) |0.0 (0.0 %) |0.0 (0.0 %) |0.0 (0.0 %) |0.0 (0.0 %) |0.0 (0.0 %) |0.0 (0.0 %) |0.0 (0.0 %) |0.0 (0.0 %) |0.0 (0.0 %) |0.0 (0.0 %) |0.0 (0.0 %) |0.0 (0.0 %) |0.0 (0.0 %) |
defaultBtagLLNoIsoBBTTCut45|0.0 (0.0 %) |0.0 (0.0 %) |0.0 (0.0 %) |0.0 (0.0 %) |0.0 (0.0 %) |0.0 (0.0 %) |0.0 (0.0 %) |0.0 (0.0 %) |0.0 (0.0 %) |0.0 (0.0 %) |0.0 (0.0 %) |0.0 (0.0 %) |0.0 (0.0 %) |0.0 (0.0 %) |0.0 (0.0 %) |0.0 (0.0 %) |0.0 (0.0 %) |
defaultBtagMMNoIsoBBTTCut  |0.0 (0.0 %) |0.0 (0.0 %) |0.0 (0.0 %) |0.0 (0.0 %) |0.0 (0.0 %) |0.0 (0.0 %) |0.0 (0.0 %) |0.0 (0.0 %) |0.0 (0.0 %) |0.0 (0.0 %) |0.0 (0.0 %) |0.0 (0.0 %) |-0.0 (-0.0 %) |0.0 (0.0 %) |0.0 (0.0 %) |0.0 (0.0 %) |0.0 (0.0 %) |
defaultBtagLLNoIso_topUP   |0.0 (0.0 %) |0.0 (0.0 %) |0.0 (0.1 %) |0.0 (0.0 %) |0.0 (0.0 %) |0.0 (0.0 %) |0.0 (0.0 %) |0.0 (0.0 %) |0.0 (0.0 %) |0.0 (0.0 %) |0.0 (0.0 %) |0.0 (0.0 %) |0.0 (0.0 %) |0.0 (0.0 %) |0.0 (0.0 %) |0.0 (0.0 %) |0.0 (0.0 %) |
defaultBtagLLNoIso_topDOWN |0.0 (0.0 %) |0.0 (0.0 %) |0.0 (0.1 %) |0.0 (0.0 %) |0.0 (0.0 %) |0.0 (0.0 %) |0.0 (0.0 %) |0.0 (0.0 %) |0.0 (0.0 %) |0.0 (0.0 %) |0.0 (0.0 %) |0.0 (0.0 %) |0.0 (0.0 %) |0.0 (0.0 %) |0.0 (0.0 %) |0.0 (0.0 %) |0.0 (0.0 %) |
defaultBtagMMNoIso_topUP   |0.0 (0.0 %) |0.0 (0.0 %) |0.0 (0.1 %) |0.0 (0.0 %) |0.0 (0.0 %) |0.0 (0.0 %) |0.0 (0.0 %) |0.0 (0.0 %) |0.0 (0.0 %) |0.0 (0.0 %) |0.0 (0.0 %) |0.0 (0.0 %) |0.0 (0.0 %) |0.0 (0.0 %) |0.0 (0.0 %) |0.0 (0.0 %) |0.0 (0.0 %) |
defaultBtagMMNoIso_topDOWN |0.0 (0.0 %) |0.0 (0.0 %) |0.0 (0.1 %) |0.0 (0.0 %) |0.0 (0.0 %) |0.0 (0.0 %) |0.0 (0.0 %) |0.0 (0.0 %) |0.0 (0.0 %) |0.0 (0.0 %) |0.0 (0.0 %) |0.0 (0.0 %) |0.0 (0.0 %) |0.0 (0.0 %) |0.0 (0.0 %) |0.0 (0.0 %) |0.0 (0.0 %) |
defaultBtagLLNoIso45_topUP |0.0 (0.0 %) |0.0 (0.0 %) |0.0 (0.1 %) |0.0 (0.0 %) |0.0 (0.0 %) |0.0 (0.0 %) |0.0 (0.0 %) |0.0 (0.0 %) |0.0 (0.0 %) |0.0 (0.0 %) |0.0 (0.0 %) |0.0 (0.0 %) |0.0 (0.0 %) |0.0 (0.0 %) |0.0 (0.0 %) |0.0 (0.0 %) |0.0 (0.0 %) |
defaultBtagLLNoIso45_topDOWN|0.0 (0.0 %) |0.0 (0.0 %) |0.0 (0.1 %) |0.0 (0.0 %) |0.0 (0.0 %) |0.0 (0.0 %) |0.0 (0.0 %) |0.0 (0.0 %) |0.0 (0.0 %) |0.0 (0.0 %) |0.0 (0.0 %) |0.0 (0.0 %) |0.0 (0.0 %) |0.0 (0.0 %) |0.0 (0.0 %) |0.0 (0.0 %) |0.0 (0.0 %) |
defaultBtagMMNoIso45_topUP  |0.0 (0.0 %) |0.0 (0.0 %) |0.0 (0.1 %) |0.0 (0.0 %) |0.0 (0.0 %) |0.0 (0.0 %) |0.0 (0.0 %) |0.0 (0.0 %) |0.0 (0.0 %) |0.0 (0.0 %) |0.0 (0.0 %) |0.0 (0.0 %) |0.0 (0.0 %) |0.0 (0.0 %) |0.0 (0.0 %) |0.0 (0.0 %) |0.0 (0.0 %) |
defaultBtagMMNoIso45_topDOWN|0.0 (0.0 %) |0.0 (0.0 %) |0.0 (0.1 %) |0.0 (0.0 %) |0.0 (0.0 %) |0.0 (0.0 %) |0.0 (0.0 %) |0.0 (0.0 %) |0.0 (0.0 %) |0.0 (0.0 %) |0.0 (0.0 %) |0.0 (0.0 %) |0.0 (0.0 %) |0.0 (0.0 %) |0.0 (0.0 %) |0.0 (0.0 %) |0.0 (0.0 %) |
defaultBtagLLNoIsoBBTTCut_topUP|0.0 (0.0 %) |0.0 (0.0 %) |0.0 (0.0 %) |0.0 (0.0 %) |0.0 (0.0 %) |0.0 (0.0 %) |0.0 (0.0 %) |0.0 (0.0 %) |0.0 (0.0 %) |0.0 (0.0 %) |0.0 (0.0 %) |0.0 (0.0 %) |0.0 (0.0 %) |0.0 (0.0 %) |0.0 (0.0 %) |0.0 (0.0 %) |0.0 (0.0 %) |
defaultBtagLLNoIsoBBTTCut_topDOWN|0.0 (0.0 %) |0.0 (0.0 %) |0.0 (0.0 %) |0.0 (0.0 %) |0.0 (0.0 %) |0.0 (0.0 %) |0.0 (0.0 %) |0.0 (0.0 %) |0.0 (0.0 %) |0.0 (0.0 %) |0.0 (0.0 %) |0.0 (0.0 %) |0.0 (0.0 %) |0.0 (0.0 %) |0.0 (0.0 %) |0.0 (0.0 %) |0.0 (0.0 %) |
defaultBtagLLNoIsoBBTTCut45_topUP|0.0 (0.0 %) |0.0 (0.0 %) |0.0 (0.0 %) |0.0 (0.0 %) |0.0 (0.0 %) |0.0 (0.0 %) |0.0 (0.0 %) |0.0 (0.0 %) |0.0 (0.0 %) |0.0 (0.0 %) |0.0 (0.0 %) |0.0 (0.0 %) |0.0 (0.0 %) |0.0 (0.0 %) |0.0 (0.0 %) |0.0 (0.0 %) |0.0 (0.0 %) |
defaultBtagLLNoIsoBBTTCut45_topDOWN|0.0 (0.0 %) |0.0 (0.0 %) |0.0 (0.0 %) |0.0 (0.0 %) |0.0 (0.0 %) |0.0 (0.0 %) |0.0 (0.0 %) |0.0 (0.0 %) |0.0 (0.0 %) |0.0 (0.0 %) |0.0 (0.0 %) |0.0 (0.0 %) |0.0 (0.0 %) |0.0 (0.0 %) |0.0 (0.0 %) |0.0 (0.0 %) |0.0 (0.0 %) |
defaultBtagMMNoIsoBBTTCut_topUP    |0.0 (0.0 %) |0.0 (0.0 %) |0.0 (0.0 %) |0.0 (0.0 %) |0.0 (0.0 %) |0.0 (0.0 %) |0.0 (0.0 %) |0.0 (0.0 %) |0.0 (0.0 %) |0.0 (0.0 %) |0.0 (0.0 %) |0.0 (0.0 %) |-0.0 (-0.0 %) |0.0 (0.0 %) |0.0 (0.0 %) |0.0 (0.0 %) |0.0 (0.0 %) |
defaultBtagMMNoIsoBBTTCut_topDOWN  |0.0 (0.0 %) |0.0 (0.0 %) |0.0 (0.0 %) |0.0 (0.0 %) |0.0 (0.0 %) |0.0 (0.0 %) |0.0 (0.0 %) |0.0 (0.0 %) |0.0 (0.0 %) |0.0 (0.0 %) |0.0 (0.0 %) |0.0 (0.0 %) |-0.0 (-0.0 %) |0.0 (0.0 %) |0.0 (0.0 %) |0.0 (0.0 %) |0.0 (0.0 %) |

-====-====-====-====-====-====-====-====-====-====-====-====-====-

 OBSERVED NUMBER OF EVENTS

                | DTauRunC   | DTauRunD   | 
defaultBtagLLNoIso|        1.0 |       79.0 |
defaultBtagMMNoIso|          0.0 |       19.0 |
defaultBtagLLNoIso45|        1.0 |       46.0 |
defaultBtagMMNoIso45|          0.0 |       12.0 |
defaultBtagLLNoIsoBBTTCut|          0.0 |       13.0 |
defaultBtagLLNoIsoBBTTCut45|          0.0 |        4.0 |
defaultBtagMMNoIsoBBTTCut  |          0.0 |        3.0 |
defaultBtagLLNoIso_topUP   |        1.0 |       79.0 |
defaultBtagLLNoIso_topDOWN |        1.0 |       79.0 |
defaultBtagMMNoIso_topUP   |          0.0 |       19.0 |
defaultBtagMMNoIso_topDOWN |          0.0 |       19.0 |
defaultBtagLLNoIso45_topUP |        1.0 |       46.0 |
defaultBtagLLNoIso45_topDOWN|        1.0 |       46.0 |
defaultBtagMMNoIso45_topUP  |          0.0 |       12.0 |
defaultBtagMMNoIso45_topDOWN|          0.0 |       12.0 |
defaultBtagLLNoIsoBBTTCut_topUP|          0.0 |       13.0 |
defaultBtagLLNoIsoBBTTCut_topDOWN|          0.0 |       13.0 |
defaultBtagLLNoIsoBBTTCut45_topUP|          0.0 |        4.0 |
defaultBtagLLNoIsoBBTTCut45_topDOWN|          0.0 |        4.0 |
defaultBtagMMNoIsoBBTTCut_topUP    |          0.0 |        3.0 |
defaultBtagMMNoIsoBBTTCut_topDOWN  |          0.0 |        3.0 |

-====-====-====-====-====-====-====-====-====-====-====-====-====-

 TOTALS

                | DATA       | bkg        | 
defaultBtagLLNoIso|         80 |         48 |
defaultBtagMMNoIso|         19 |         19 |
defaultBtagLLNoIso45|         47 |         28 |
defaultBtagMMNoIso45|         12 |         13 |
defaultBtagLLNoIsoBBTTCut|         13 |          8 |
defaultBtagLLNoIsoBBTTCut45|          4 |          5 |
defaultBtagMMNoIsoBBTTCut|          3 |          3 |
defaultBtagLLNoIso_topUP|         80 |         47 |
defaultBtagLLNoIso_topDOWN|         80 |         49 |
defaultBtagMMNoIso_topUP|         19 |         18 |
defaultBtagMMNoIso_topDOWN|         19 |         20 |
defaultBtagLLNoIso45_topUP|         47 |         27 |
defaultBtagLLNoIso45_topDOWN|         47 |         30 |
defaultBtagMMNoIso45_topUP|         12 |         12 |
defaultBtagMMNoIso45_topDOWN|         12 |         14 |
defaultBtagLLNoIsoBBTTCut_topUP|         13 |          8 |
defaultBtagLLNoIsoBBTTCut_topDOWN|         13 |          8 |
defaultBtagLLNoIsoBBTTCut45_topUP|          4 |          5 |
defaultBtagLLNoIsoBBTTCut45_topDOWN|          4 |          5 |
defaultBtagMMNoIsoBBTTCut_topUP|          3 |          3 |
defaultBtagMMNoIsoBBTTCut_topDOWN|          3 |          3 |
