0.00165291
0.00219597
0.00162983
0.00370068
0.00245815
0.00277913
0.00306219
0.00281206
0.00208981
0.00216742
0.00227901
0.00248097
0.00254715
0.00257349
0.00256921
0.00257152
0.00263515
0.00271825
0.00279137
0.00284583
0.00290871
0.00295639
0.00298692
0.00299256
0.0029771
0.00297152
0.00297321
0.00299086
0.00301403
0.00303867
0.00306622
0.0030986
0.00313665
0.00317254
0.00320258
0.00323095
0.00325081
0.00326314
0.00325853
0.00323138
0.00316995
0.00313498
0.00307713
0.0030143
0.00293987
0.00292174
0.00292331
0.0029606
0.00300495
0.00310841
0.00328781
0.00343964
0.00357963
0.00367528
0.00361713
0.00357575
0.00351897
0.00347102
0.00348512
0.0036174
0.00378382
0.00392837
0.00408333
0.00428411
0.00456023
0.0046694
0.00546292
0.00770401
0.0116702
0.0110124
0.0186727
0.039971
0.147386
0.555007
0
0
0
0
0
0
0
0
0
0
0
0
0
0
0
0
0
0
0
0
0
0
0
0
0
0
