0.00467877
0.00639974
0.00568498
0.00941814
0.00760399
0.0081738
0.0084837
0.00835164
0.00804858
0.00857089
0.00885392
0.00917596
0.00886764
0.00901139
0.00910466
0.00919721
0.00924365
0.0091384
0.00904134
0.0089443
0.00888216
0.00881293
0.00875946
0.00870705
0.00863641
0.00856013
0.00844248
0.00832724
0.00820828
0.00809683
0.00800187
0.00791386
0.00783165
0.00775803
0.00770849
0.00769779
0.00770647
0.00775297
0.00785578
0.0080414
0.00828082
0.00867408
0.00897564
0.00909356
0.00890803
0.0086039
0.0081122
0.00754487
0.00689614
0.0063405
0.00591766
0.00544854
0.00499894
0.0045493
0.00400087
0.00356939
0.00320459
0.00291548
0.00272892
0.00266751
0.0026537
0.00264623
0.00266897
0.00274581
0.00289618
0.00296701
0.00350016
0.00500223
0.00769206
0.00735656
0.0125884
0.0270298
0.0992847
0.369843
0
0
0
0
0
0
0
0
0
0
0
0
0
0
0
0
0
0
0
0
0
0
0
0
0
0
