0.000477522
0.000589713
0.000404686
0.00114829
0.00064005
0.000760101
0.000907478
0.000789758
0.000515373
0.000429628
0.000497407
0.000528191
0.000591297
0.000608967
0.000602674
0.000596036
0.000608433
0.000643522
0.000687477
0.000724119
0.000760511
0.000793537
0.000819532
0.000833682
0.000835884
0.000836587
0.000841441
0.00085645
0.000877822
0.00090268
0.000929476
0.000957514
0.000987984
0.00101984
0.00105069
0.00107855
0.00109879
0.00111155
0.00111342
0.00109961
0.00106165
0.00101755
0.000954201
0.000886647
0.000823956
0.000793283
0.000788591
0.000816643
0.000871141
0.000969509
0.00112385
0.00130538
0.00152012
0.00175297
0.00193778
0.00214443
0.00234836
0.00255731
0.00280925
0.00315984
0.00354783
0.00391768
0.00429348
0.00470899
0.00519506
0.00546442
0.00650732
0.00925581
0.0140219
0.0131398
0.0220202
0.0464929
0.169221
0.631014
0
0
0
0
0
0
0
0
0
0
0
0
0
0
0
0
0
0
0
0
0
0
0
0
0
0
