5.97933e-06
0.000870369
0.00105867
0.0013081
0.00139307
0.0022157
0.00241631
0.00318714
0.00221477
0.00709221
0.00945428
0.0123699
0.0133957
0.0137168
0.0142277
0.0156008
0.0173332
0.0193365
0.020916
0.0219666
0.0231503
0.0240462
0.0249628
0.0255798
0.0256696
0.0259963
0.0259102
0.0260325
0.0262684
0.0259408
0.0253455
0.0242636
0.0229051
0.0217009
0.0202993
0.0190949
0.0182023
0.0174388
0.0164846
0.015743
0.0157187
0.0164818
0.0178367
0.0200834
0.0229336
0.0259993
0.0293159
0.0306183
0.0313023
0.0299806
0.0265448
0.0233502
0.019253
0.0150562
0.0114941
0.00819782
0.00579975
0.00404597
0.00280827
0.001963
0.00139378
0.001025
0.000778517
0.000587489
0.000463691
0.00033687
0.000242385
0.000202499
0.000189649
0.000168864
0.000149648
0.000117351
0.000108951
0.000103351
5.41285e-05
5.77802e-05
3.96236e-05
3.35046e-05
1.551e-05
9.52697e-06
4.46816e-06
5.4549e-06
5.88332e-06
1.76244e-06
1.71486e-06
1.0253e-06
1.38553e-06
3.65792e-07
2.39634e-07
1.7179e-07
4.29e-07
3.11525e-07
3.95975e-07
1.39384e-07
4.44143e-08
1.1574e-08
3.07842e-08
2.90175e-08
9.12852e-09
5.8316e-09