5.26279e-06
0.000670955
0.000874927
0.00117293
0.00140212
0.00197262
0.00247078
0.00257568
0.00202137
0.00647821
0.00943869
0.0119125
0.0131084
0.0134226
0.0141399
0.0153423
0.0172094
0.0194475
0.0210881
0.0218553
0.0230416
0.0241512
0.0248604
0.025723
0.0255369
0.0260245
0.026009
0.0261981
0.0262584
0.0260143
0.0252336
0.0242397
0.0230052
0.0216361
0.0202497
0.0191958
0.0181759
0.0174511
0.0165677
0.0156867
0.0158189
0.0167333
0.0178616
0.0200326
0.0230032
0.0265218
0.0296173
0.0307508
0.0317972
0.0303627
0.027421
0.0233894
0.0192203
0.0151974
0.0115463
0.00808267
0.00581686
0.00406508
0.00285078
0.00195848
0.00139014
0.0010091
0.000779329
0.000588078
0.000451508
0.000340324
0.000243794
0.000190198
0.000181307
0.000171108
0.000150972
0.000110322
0.000123186
9.94801e-05
7.05539e-05
5.17011e-05
3.43854e-05
3.6922e-05
2.93307e-05
1.07115e-05
4.06926e-06
3.36275e-06
3.46256e-06
1.21473e-06
3.75644e-06
9.7339e-07
1.2503e-06
3.96716e-07
2.6036e-07
4.14178e-07
4.82308e-07
2.77766e-07
7.8101e-07
3.16268e-07
1.24991e-07
1.33157e-08
1.20802e-07
1.04246e-07
2.54419e-08
5.65533e-09