5.27015e-06
0.000643901
0.00088577
0.00121175
0.00143419
0.00195373
0.00244043
0.00263864
0.00200617
0.0065176
0.0093444
0.0120645
0.0131443
0.0133318
0.0142926
0.015385
0.0174357
0.0192355
0.021037
0.0219545
0.0231001
0.0239984
0.024992
0.025542
0.0258414
0.0260096
0.0261062
0.0261856
0.0264106
0.0260113
0.0253303
0.0243097
0.0230003
0.0217528
0.0202587
0.0191159
0.0182195
0.0175028
0.016524
0.0157559
0.0159113
0.0165642
0.0179442
0.0200162
0.0229428
0.026284
0.0295009
0.0309783
0.0314423
0.0299138
0.0270886
0.0235609
0.0192622
0.0151205
0.0115635
0.00820754
0.00580016
0.00406758
0.00283151
0.00197265
0.00139019
0.00101492
0.000782214
0.000584479
0.000466453
0.000341347
0.000242781
0.000196382
0.000180222
0.000166304
0.000148022
0.000107015
0.000127461
9.65892e-05
7.01133e-05
5.69588e-05
3.21544e-05
3.42304e-05
2.88359e-05
1.01364e-05
3.86551e-06
3.14594e-06
3.62384e-06
1.18549e-06
3.40302e-06
9.55957e-07
1.17624e-06
3.94103e-07
2.52438e-07
3.86661e-07
4.3696e-07
2.92031e-07
7.25091e-07
2.28612e-07
1.08187e-07
1.3826e-08
8.18284e-08
9.31247e-08
2.71934e-08
5.97821e-09