6.72915e-06
0.000392721
0.00108475
0.00112665
0.00157325
0.00328884
0.0036528
0.00200785
0.00234634
0.00813821
0.00982587
0.0121482
0.0115964
0.01325
0.0137889
0.014728
0.0165986
0.0188636
0.0204108
0.0215236
0.0225357
0.0238558
0.0246743
0.0254974
0.0253323
0.0261115
0.0255372
0.0258886
0.0263383
0.0261628
0.0255149
0.0246622
0.0228983
0.0219793
0.0202666
0.019242
0.0182827
0.0176517
0.0165953
0.0158869
0.0158526
0.0165201
0.0181001
0.0203051
0.0233034
0.0259207
0.0291149
0.031107
0.0323547
0.0307122
0.0273104
0.0238087
0.0194563
0.0141125
0.011488
0.00836306
0.0057497
0.00408309
0.00271423
0.0019734
0.00139694
0.00104854
0.000736122
0.00059125
0.000485113
0.000349462
0.000251501
0.000207585
0.000195594
0.000175668
0.000161774
0.000148857
0.000140472
6.63354e-05
0.00011229
7.33456e-05
8.05949e-05
9.18409e-05
1.68126e-05
4.97954e-06
1.69551e-06
2.04704e-06
2.8382e-05
6.53361e-07
6.69275e-06
2.75617e-06
1.66736e-06
2.28693e-07
1.76001e-07
1.25604e-07
4.91302e-07
2.53364e-07
2.57262e-06
6.41674e-07
5.07186e-07
5.62891e-09
1.73008e-07
8.95779e-08
8.12285e-10
6.84586e-09