5.64599e-06
0.00079272
0.0010795
0.0013247
0.00125819
0.00247544
0.00235758
0.00265005
0.00214091
0.00649819
0.00936703
0.0126514
0.0139221
0.0133299
0.0142377
0.0154907
0.0172362
0.0194159
0.0207581
0.0220701
0.0231556
0.0241687
0.0248088
0.0253499
0.0257542
0.0257591
0.0259123
0.026266
0.0262286
0.0261157
0.025438
0.0240734
0.0228799
0.0217698
0.0201183
0.0188799
0.0181629
0.0175991
0.0165611
0.0157448
0.0156602
0.0161945
0.0178266
0.0200772
0.0227601
0.0260018
0.0296627
0.030734
0.031848
0.02989
0.0271357
0.0233179
0.0194156
0.0152538
0.0114869
0.00824281
0.00577445
0.00391614
0.00280499
0.00197196
0.00140449
0.00103803
0.000787495
0.000591313
0.000446137
0.000336804
0.000244348
0.000182587
0.000182958
0.000172209
0.000149387
0.00012405
0.000105106
0.000135862
7.96311e-05
7.82369e-05
4.84318e-05
4.64678e-05
2.17687e-05
8.21152e-06
5.62006e-06
4.17303e-06
1.40345e-05
1.76759e-06
1.89562e-06
2.63822e-06
8.41909e-07
2.91585e-07
2.19902e-07
1.10461e-07
9.79866e-08
7.52632e-08
8.98648e-07
1.80615e-07
1.19803e-07
9.09436e-09
6.87299e-08
9.55913e-08
8.01565e-09
6.86028e-09