5.6626e-06
0.000773743
0.00114027
0.00136994
0.0013183
0.00240911
0.00231903
0.00262171
0.00217468
0.00633921
0.00937935
0.0128307
0.0137727
0.0129656
0.0141333
0.0154261
0.0172605
0.0194878
0.0210903
0.0221661
0.0227973
0.0239271
0.0246466
0.0253557
0.0258469
0.0256281
0.0260271
0.0265226
0.0262178
0.0261378
0.0252589
0.0239947
0.022973
0.0218474
0.0201013
0.019213
0.0183119
0.0173542
0.0164657
0.0155829
0.0157209
0.0163903
0.017953
0.0197934
0.0227827
0.0259978
0.0294811
0.031201
0.0317077
0.0298316
0.0273541
0.0232695
0.019282
0.0153458
0.0115854
0.00837015
0.00575076
0.00395049
0.00281236
0.0019924
0.00137423
0.00102361
0.000814243
0.000583105
0.000458464
0.000342991
0.000244567
0.000183559
0.000184864
0.000173038
0.000137749
0.000136575
0.000114378
0.000140439
8.05305e-05
8.28378e-05
5.25695e-05
4.25828e-05
2.17735e-05
7.85317e-06
5.80701e-06
4.04012e-06
1.46251e-05
1.62314e-06
1.8902e-06
2.67784e-06
7.78819e-07
2.84319e-07
2.52632e-07
1.13821e-07
1.11344e-07
7.35168e-08
8.10906e-07
2.04389e-07
9.59211e-08
7.94873e-09
6.04062e-08
7.52948e-08
7.35048e-09
5.17887e-09