6.54164e-06
0.000380693
0.0010113
0.0011189
0.00179541
0.00331686
0.00367528
0.00202099
0.00252294
0.00879033
0.0101618
0.0119275
0.0115083
0.0135387
0.0136066
0.0146164
0.0167162
0.0186078
0.0201873
0.0215969
0.0224707
0.0236958
0.0247035
0.0250715
0.0254285
0.0260681
0.0255193
0.0260808
0.0262154
0.026396
0.0256456
0.0246581
0.0231351
0.0218651
0.0204416
0.0191747
0.0184967
0.0175382
0.0165253
0.0159736
0.0160545
0.0165106
0.0180507
0.020177
0.0228321
0.0257715
0.0290493
0.0316811
0.032332
0.0307729
0.0270483
0.0233563
0.019611
0.0141579
0.0112684
0.00830164
0.00568897
0.00402927
0.00267197
0.00197307
0.00138534
0.00106261
0.000746017
0.000584841
0.000495275
0.000346161
0.000266333
0.000226482
0.000194855
0.000162977
0.000165148
0.000145013
0.000152674
5.90717e-05
0.00011466
7.78989e-05
9.20276e-05
9.76379e-05
1.57931e-05
4.71545e-06
1.44732e-06
1.8853e-06
2.33628e-05
5.84254e-07
1.30224e-05
2.78781e-06
2.80042e-06
2.36832e-07
1.81849e-07
1.39305e-07
2.78313e-06
1.38931e-06
3.07888e-06
1.10584e-06
3.64197e-07
5.51282e-09
2.23618e-07
1.60809e-07
8.55841e-10
6.88216e-09