4.65093e-06
0.000982702
0.00124661
0.00168024
0.00184098
0.00184369
0.00248816
0.00371473
0.00278386
0.00821925
0.0101996
0.0126766
0.0144564
0.0142162
0.0137391
0.0156571
0.0172767
0.0189678
0.0202787
0.0211147
0.0228585
0.0236628
0.0242796
0.0254507
0.0255317
0.0260545
0.0261184
0.0260262
0.0262545
0.0256279
0.0254388
0.0243777
0.0230054
0.0219236
0.0202497
0.0188051
0.0182866
0.0175513
0.0164461
0.0157928
0.0157743
0.0166105
0.0179626
0.0201567
0.0229147
0.0254276
0.0285353
0.030227
0.0315532
0.0302603
0.0259217
0.0226043
0.0194009
0.0153323
0.0112833
0.00801814
0.00584608
0.00408671
0.00283085
0.00197366
0.00140182
0.001038
0.000787504
0.000597101
0.000477788
0.000299281
0.000247465
0.000209398
0.000191329
0.000120856
0.000163239
9.46462e-05
0.000123233
0.000111489
6.07527e-05
6.67962e-05
5.28707e-05
3.88128e-05
2.20486e-05
1.4143e-05
6.88664e-06
2.34905e-06
9.85368e-06
2.76995e-06
2.68595e-06
1.60618e-06
2.0381e-06
5.53545e-07
3.74752e-07
2.64951e-07
7.27384e-07
4.39218e-07
5.59777e-07
3.08286e-07
7.0835e-08
1.71362e-08
5.28305e-08
4.98111e-08
1.34364e-08
6.05873e-09