5.94995e-06
0.000253636
0.00135299
0.000968019
0.00136376
0.00197639
0.0028924
0.00167105
0.00207416
0.00782707
0.00839708
0.0111166
0.0136052
0.0113987
0.0137853
0.0146299
0.0180549
0.0179633
0.0214996
0.0220145
0.022195
0.0219508
0.0226455
0.0251487
0.0275004
0.0233321
0.0263996
0.0266427
0.0259459
0.0251791
0.0277132
0.0231255
0.0240536
0.0215083
0.0195487
0.0199857
0.0189349
0.0176319
0.0161714
0.0164853
0.0171749
0.0168377
0.0180595
0.0235959
0.0239429
0.0260987
0.0301692
0.0318545
0.0303456
0.0301019
0.0259916
0.0280507
0.0197148
0.0123288
0.014433
0.00741266
0.0049363
0.00314139
0.00259035
0.00201422
0.00119316
0.00103318
0.0007343
0.000745007
0.000452807
0.000585873
0.000274164
0.000220608
0.000116691
0.000187199
8.57357e-05
0.000106153
0.000157915
4.671e-05
7.02552e-05
6.2765e-05
4.20751e-05
8.45236e-05
2.82315e-05
9.39675e-06
1.6608e-06
1.82519e-06
1.07691e-05
5.39633e-07
4.53859e-06
0
0
3.91405e-07
0
9.14636e-08
0
0
0
0
0
1.08153e-08
1.25703e-08
0
1.37273e-09
0