4.618e-06
0.00102951
0.00124484
0.00139649
0.00218967
0.00204859
0.00255591
0.00361825
0.00246152
0.00746424
0.00966513
0.0140478
0.0145705
0.0142247
0.0135626
0.016401
0.0171096
0.0188744
0.0209953
0.0212676
0.0223717
0.0235918
0.0247997
0.025477
0.0259849
0.025629
0.0263985
0.0255543
0.0259528
0.0258703
0.0253496
0.0238611
0.0230909
0.022201
0.0205273
0.0181339
0.0184793
0.0172138
0.0169348
0.0154643
0.0160317
0.0166197
0.0173117
0.0206177
0.0224287
0.0247732
0.0287592
0.0298208
0.0321321
0.0293962
0.0263446
0.0234133
0.0195522
0.015432
0.0111439
0.00792716
0.00576434
0.00397055
0.00281765
0.00196838
0.00136549
0.00102926
0.00078293
0.000588442
0.000469112
0.000283875
0.000246706
0.000195337
0.000188593
0.000127742
0.000191266
8.80991e-05
0.000153941
0.000126559
7.77423e-05
7.70938e-05
6.46007e-05
2.88388e-05
2.14053e-05
1.37404e-05
7.96856e-06
2.36817e-06
1.22477e-05
2.65949e-06
2.7327e-06
1.10502e-06
1.35812e-06
6.00951e-07
3.01344e-07
4.25546e-07
5.76494e-07
1.75866e-06
5.31463e-07
6.36288e-07
1.25732e-07
2.21406e-08
1.28667e-07
3.70108e-08
4.21528e-08
4.75188e-09