6.25689e-06
0.00116645
0.00120368
0.00163373
0.00138671
0.00233446
0.00281288
0.00351979
0.00237743
0.0078509
0.0103195
0.0136626
0.0122951
0.0136493
0.0141678
0.0159442
0.0177672
0.0199335
0.0208237
0.0217368
0.0227811
0.024123
0.0246555
0.0256405
0.0259208
0.0258047
0.0253484
0.0262276
0.0260937
0.0259528
0.0253925
0.0237108
0.0231517
0.0216099
0.0202102
0.0186493
0.0180752
0.0174699
0.0162688
0.0156242
0.0156575
0.016297
0.017872
0.0201115
0.0226245
0.0261574
0.0294496
0.0300216
0.0314969
0.0304206
0.0258961
0.0230869
0.0191264
0.0147349
0.0113356
0.0077636
0.00573433
0.00398327
0.00278504
0.00192958
0.00139507
0.00101822
0.000780282
0.000600734
0.000426309
0.000336691
0.000248896
0.00020772
0.000190035
0.000175604
0.000158899
0.000133269
0.000127134
0.000125402
7.51396e-05
4.99093e-05
3.18882e-05
5.33828e-05
2.59187e-05
9.30309e-06
8.77459e-06
1.07452e-05
1.12709e-05
1.00775e-06
1.85551e-06
2.10185e-06
2.95847e-06
7.34009e-07
4.78029e-07
3.51935e-07
8.45542e-07
6.17038e-07
1.05665e-06
3.45017e-07
7.18026e-08
1.1255e-08
1.04651e-07
1.76603e-08
1.98492e-08
6.74831e-09