7.67466e-06
0.000251893
0.000701055
0.00131665
0.00188436
0.00819257
0.00299741
0.00158741
0.00322419
0.00506953
0.0152284
0.0144002
0.0166627
0.0146016
0.0128079
0.015384
0.0125811
0.0180122
0.018973
0.0171103
0.0220684
0.021583
0.0245207
0.0271183
0.0260943
0.027393
0.0227519
0.0267167
0.0217024
0.0300073
0.029198
0.0247405
0.019744
0.0219614
0.0187721
0.0193222
0.0212817
0.0191327
0.0197805
0.0137092
0.0148109
0.015718
0.0145252
0.0166816
0.0226067
0.0200295
0.0268798
0.0350742
0.0326035
0.0319037
0.019124
0.0394509
0.0228141
0.010185
0.0131477
0.00657219
0.00627814
0.00335233
0.00259119
0.00195268
0.00104433
0.00105905
0.000585354
0.000556334
0.000325865
0.000364286
0.00015153
0.000119072
0.000151159
9.69978e-05
0.000377606
8.25051e-05
5.45493e-05
3.63044e-05
7.28059e-05
0
0
1.0949e-05
0
9.73791e-06
3.22706e-06
2.12789e-06
0
1.81748e-06
0
0
4.81252e-07
0
0
1.1848e-07
0
0
0
0
0
5.60398e-09
0
0
1.06692e-09
0