6.04181e-06
0.00153541
0.00121339
0.00155771
0.0015725
0.0022789
0.00287825
0.00347731
0.0025756
0.00846103
0.0107016
0.0142423
0.0126334
0.0153916
0.0139756
0.0156688
0.0175234
0.0197283
0.0206196
0.0214178
0.0229177
0.0241951
0.0241437
0.025949
0.0257673
0.0257722
0.0252538
0.0261391
0.025464
0.0263458
0.0259472
0.023421
0.0228969
0.0218855
0.0200167
0.0186038
0.0183872
0.0172425
0.0168723
0.0153804
0.0147984
0.0165152
0.0185932
0.0185162
0.0223825
0.025838
0.0282978
0.0298355
0.0308352
0.0305214
0.0267575
0.0234358
0.0192678
0.0142682
0.011714
0.00772118
0.00574932
0.00415389
0.00262292
0.00200626
0.00131421
0.00093765
0.000764755
0.000568092
0.000412816
0.000312938
0.000262919
0.000218213
0.00017514
0.000149436
0.000154792
0.000109121
0.000112464
0.000106036
7.73264e-05
7.12411e-05
2.2474e-05
0.000255835
3.79782e-05
7.58453e-06
6.85486e-06
1.243e-05
9.31304e-06
1.14776e-06
1.61616e-06
1.76452e-06
2.81123e-06
7.89801e-07
3.18248e-07
4.61401e-07
2.84122e-07
5.20048e-07
0
3.76309e-07
2.23079e-07
1.87061e-08
7.60954e-08
1.45925e-08
0
1.40516e-08