7.68848e-06
0.000458436
0.000460739
0.00159751
0.00131127
0.00293685
0.00253276
0.00208651
0.00154107
0.00749641
0.0120099
0.0116479
0.00990079
0.0127951
0.0135615
0.0147324
0.0149089
0.0175937
0.0205501
0.0211474
0.0226745
0.0224251
0.0258285
0.0248061
0.026901
0.0282562
0.0249071
0.0254398
0.0279058
0.0261784
0.0266516
0.0247535
0.0218429
0.0194734
0.0196824
0.0195243
0.0167838
0.0177065
0.0171768
0.0164616
0.0158458
0.0169037
0.0170557
0.0219266
0.0233225
0.0261626
0.0287798
0.0362772
0.0346918
0.0294436
0.0283499
0.0231693
0.0192776
0.0135579
0.012363
0.00777474
0.00498145
0.00377688
0.00319859
0.0019727
0.00129125
0.00100053
0.000833516
0.000643
0.000420536
0.000388236
0.0002716
0.000181753
0.000178818
0.000134995
0.000186124
0.000162669
0.000322653
3.57893e-05
0.000287092
6.4121e-05
3.22381e-05
0
5.76829e-05
4.26656e-06
1.59064e-06
3.35632e-06
0
7.16679e-07
4.63664e-06
2.97782e-06
1.8977e-06
1.71369e-07
9.39885e-08
9.34396e-08
0
0
0
0
0
2.76224e-09
1.28419e-08
0
1.05179e-09
0