6.94143e-06
0.000425727
0.00104482
0.00118558
0.00168037
0.00311282
0.00407238
0.00205796
0.002525
0.00895241
0.00973061
0.0119102
0.0113925
0.0133781
0.0139201
0.0148802
0.0169412
0.0186363
0.0206532
0.021547
0.0224998
0.0234993
0.024779
0.0248646
0.0252959
0.0263118
0.0256086
0.0262324
0.0265072
0.0262985
0.0257514
0.0245801
0.0226788
0.02208
0.0203374
0.0189686
0.0183337
0.0178066
0.0163727
0.015942
0.0157481
0.0163726
0.0180974
0.0203993
0.0229795
0.0260795
0.0293707
0.0311943
0.0322694
0.0304406
0.027068
0.0230162
0.0195994
0.0139654
0.0115437
0.00815908
0.00575576
0.00402807
0.00267498
0.00200467
0.00135877
0.00105043
0.000749562
0.000605619
0.000482537
0.000343245
0.000269596
0.000234949
0.000203317
0.000179335
0.000167623
0.000165632
0.000137571
6.91006e-05
0.000109416
6.16105e-05
6.56504e-05
0.000101565
1.7184e-05
4.98021e-06
1.54743e-06
2.27151e-06
1.9751e-05
6.21245e-07
9.30331e-06
2.60445e-06
2.08809e-06
2.72786e-07
1.76273e-07
1.48936e-07
4.90659e-06
1.49681e-06
7.23733e-06
7.22067e-07
2.56828e-07
5.7539e-09
2.19019e-07
8.40006e-08
8.36772e-10
5.57843e-09