6.17781e-06
0.000905632
0.000992438
0.00131503
0.00149017
0.00233459
0.00285537
0.00331463
0.00234883
0.00784874
0.00985289
0.0126568
0.0134515
0.0136746
0.0142544
0.015669
0.017414
0.0192139
0.0208265
0.0218884
0.0231067
0.0240323
0.0248644
0.0255004
0.025521
0.0258446
0.0258184
0.0259608
0.0262097
0.025881
0.0252653
0.0242493
0.0228517
0.0216775
0.0202771
0.0190394
0.0181829
0.0173962
0.0164312
0.0156752
0.0156714
0.0164587
0.017784
0.0200608
0.0228551
0.025967
0.029309
0.0304008
0.0312525
0.029851
0.0263629
0.0233593
0.0192402
0.0150131
0.0114814
0.00818952
0.00577607
0.00402936
0.0028096
0.00196445
0.00137534
0.00101486
0.000769248
0.000591055
0.000464041
0.00034278
0.000240528
0.000204931
0.000191097
0.000165328
0.000146472
0.000120806
0.000107961
9.8766e-05
5.68295e-05
4.57256e-05
3.63281e-05
4.18047e-05
1.56688e-05
9.20424e-06
5.1403e-06
5.96339e-06
6.15556e-06
2.02024e-06
2.15512e-06
1.05117e-06
1.67184e-06
3.2385e-07
1.93131e-07
1.47265e-07
3.66822e-07
1.6287e-07
5.45336e-07
1.01299e-07
2.67525e-08
1.05965e-08
2.86711e-08
2.24447e-08
2.05224e-08
5.47982e-09
