7.36392e-06
0.00103784
0.000975347
0.00162553
0.00219262
0.00321099
0.00222987
0.00372571
0.00284756
0.00605934
0.00848275
0.0134018
0.013067
0.0140088
0.0141824
0.014247
0.0174158
0.0198165
0.0209581
0.0222644
0.023262
0.0240366
0.0247255
0.0253131
0.0259209
0.0254485
0.0259915
0.0259
0.026052
0.0258702
0.0250802
0.0239283
0.0229866
0.0216276
0.0202961
0.0190782
0.0181565
0.0173766
0.0163855
0.0156987
0.0158741
0.0166218
0.0180466
0.0199325
0.023038
0.0263232
0.0284117
0.0306234
0.0312723
0.0301655
0.0269492
0.022992
0.0192426
0.0146339
0.0115766
0.0082457
0.00595225
0.00401992
0.00277432
0.00197305
0.00137727
0.00105208
0.000767095
0.000601438
0.000456909
0.000334904
0.000242095
0.000219199
0.000193924
0.000167686
0.000121238
0.000102234
0.000115849
0.000100077
0.00012689
3.25508e-05
5.15587e-05
0.000131015
4.71938e-05
8.617e-06
4.79106e-06
3.27281e-06
3.01453e-06
1.66716e-06
1.22427e-06
3.60373e-07
7.71651e-05
1.84976e-07
1.19013e-07
3.90893e-07
5.84912e-05
2.37912e-05
1.43793e-05
0
1.96259e-07
5.56381e-09
2.90102e-07
7.32708e-08
5.70244e-07
6.74303e-09