2.12608e-05
0.0028729
0.00328028
0.00400446
0.00468908
0.00633479
0.00728225
0.00785265
0.00504311
0.0159501
0.0160323
0.0196105
0.0192226
0.0184091
0.0174092
0.0178833
0.0190664
0.0204204
0.0212273
0.0216068
0.0220986
0.0224231
0.0235105
0.0237628
0.023618
0.0234206
0.0236669
0.0239154
0.0234475
0.0235216
0.0230032
0.0219505
0.0207043
0.0196936
0.0181123
0.0171883
0.0164544
0.015891
0.0146129
0.0141838
0.0144539
0.0149324
0.0160319
0.018132
0.0204781
0.0242431
0.0265691
0.0283416
0.0289698
0.027509
0.0248186
0.0215728
0.0179174
0.0144918
0.0108822
0.00764438
0.00538455
0.00381962
0.0026119
0.0017882
0.00126881
0.000942531
0.000738631
0.000562784
0.000431138
0.000326077
0.000220157
0.000199142
0.000170039
0.000157727
0.000137447
0.000137148
0.000134924
0.000131913
8.59002e-05
7.76343e-05
6.68014e-05
6.37667e-05
3.70753e-05
2.83565e-05
1.60605e-05
2.00847e-05
2.38655e-05
6.54593e-06
8.04645e-06
3.56394e-06
4.39103e-06
1.3011e-06
7.24925e-07
6.75648e-07
1.24815e-06
7.61526e-07
3.6821e-06
3.67363e-07
8.71103e-08
2.64474e-08
8.91435e-08
8.54733e-08
7.30111e-08
1.17579e-08
