4.45006e-06
0.00058251
0.000616566
0.00103051
0.00126966
0.00182543
0.00212263
0.00296681
0.00218581
0.00558079
0.00819227
0.0112779
0.0123309
0.0133046
0.0139774
0.0152641
0.0171473
0.0196342
0.0210622
0.0220744
0.023408
0.024284
0.0250618
0.0257558
0.0260397
0.0261958
0.0263218
0.026469
0.0265176
0.0262654
0.0255253
0.0243772
0.0232418
0.0219527
0.0204212
0.0192756
0.0184111
0.0175093
0.0166214
0.0158462
0.0159425
0.0166911
0.0182306
0.0202858
0.0227144
0.0261364
0.0297161
0.0304531
0.0314098
0.0303405
0.0272077
0.0235853
0.019464
0.0151022
0.0115429
0.00824626
0.0059434
0.00405196
0.00281608
0.0019639
0.00142577
0.00104489
0.000770787
0.000602261
0.000462152
0.000345815
0.000239862
0.000209241
0.000183755
0.000172151
0.000138679
0.000119717
0.000125892
0.000106533
5.88222e-05
6.05825e-05
4.26511e-05
2.69899e-05
2.9989e-05
8.6533e-06
4.46247e-06
5.24979e-06
4.46786e-06
1.81196e-06
7.03421e-06
1.26277e-06
1.41579e-06
3.67077e-07
3.95309e-07
2.1486e-07
1.6386e-06
1.82833e-07
1.50334e-07
4.15566e-08
5.04359e-08
9.84137e-09
3.23207e-07
7.17985e-08
4.12956e-07
6.27393e-09
