9.99303e-06
0.00336764
0.00124167
0.00202857
0.00149041
0.00136034
0.00108212
0.00300411
0.00199145
0.00567343
0.0093226
0.0160867
0.0123559
0.0122889
0.0118725
0.0126461
0.0150671
0.0174117
0.0205611
0.0208045
0.023244
0.0239729
0.0248552
0.0253366
0.0259986
0.0262724
0.0224927
0.0265226
0.0270284
0.0268012
0.0257953
0.0246999
0.0229882
0.0213177
0.0203458
0.0192389
0.0182679
0.0177366
0.0158997
0.0160346
0.0147374
0.0169868
0.0173912
0.0205495
0.0236865
0.0270215
0.0295863
0.0322005
0.0331954
0.031378
0.0273799
0.0242553
0.0197865
0.0157839
0.0119176
0.00775188
0.00596948
0.00407042
0.00287229
0.00174999
0.00143859
0.00103223
0.000786285
0.000557413
0.000499586
0.000365034
0.000249873
0.000221628
0.000203843
0.000194519
0.000180714
0.000139378
2.09721e-05
0.000165952
9.08866e-06
0.000120345
0.000107566
0.000100841
4.71436e-06
2.2273e-06
0.000191065
2.51972e-05
0.00014454
4.70784e-05
0.000243663
7.82446e-05
0
6.30402e-05
2.82243e-07
0
1.51187e-05
0
0
3.33736e-06
0
0
6.74863e-07
3.88247e-07
0
3.77633e-09
