1.36662e-05
0.000667249
0.00193476
0.00203733
0.00326836
0.00582907
0.00639804
0.00334112
0.00404087
0.0127686
0.0146577
0.016408
0.0154399
0.0164874
0.0160398
0.0166482
0.0183959
0.0199143
0.0211699
0.0220195
0.0226423
0.0232239
0.0239745
0.0244526
0.0243647
0.0247311
0.0245331
0.0247054
0.0249798
0.0248278
0.0241454
0.0231003
0.0218776
0.0204561
0.0192102
0.0180295
0.0172496
0.0164941
0.0156178
0.0149709
0.0150539
0.0155525
0.0170251
0.0188975
0.0216266
0.0244071
0.0275956
0.0295737
0.0301988
0.0290306
0.0256474
0.0227694
0.0184812
0.0139467
0.0108772
0.00798279
0.00555419
0.0038405
0.00261118
0.00186656
0.00133144
0.00100644
0.000730456
0.000577157
0.000463865
0.000334442
0.000249202
0.000214433
0.000180611
0.000162444
0.000158931
0.000155309
0.000162673
8.46747e-05
0.000125671
8.67088e-05
9.3071e-05
0.000123179
2.36292e-05
8.97113e-06
2.52118e-06
3.4372e-06
4.30321e-05
1.07816e-06
3.51381e-05
6.81265e-06
4.26116e-06
3.72958e-07
3.35189e-07
2.8467e-07
5.81393e-06
2.66041e-06
1.28635e-05
1.92509e-06
6.52118e-07
8.16905e-09
3.89281e-07
2.98603e-07
1.33194e-09
1.19807e-08
