1.37645e-05
0.00188652
0.00177118
0.00293197
0.0038418
0.00544688
0.00382636
0.00608893
0.00442261
0.00955774
0.0126002
0.0175614
0.0167358
0.0166743
0.0163688
0.0163026
0.0184847
0.0203542
0.021258
0.0221114
0.0229635
0.0234927
0.0240758
0.0244025
0.0247708
0.0245602
0.0248295
0.0247587
0.024898
0.0245297
0.0238905
0.0228607
0.0218054
0.0204244
0.0191334
0.0180109
0.0171541
0.0164439
0.0155213
0.0147954
0.0149828
0.0156564
0.0169673
0.0188785
0.0216209
0.0248562
0.0273584
0.0292054
0.029959
0.0285975
0.0259729
0.022251
0.0184041
0.0142262
0.0110907
0.00790399
0.00565954
0.00386165
0.00266878
0.00188402
0.00133423
0.000995625
0.000743299
0.00058042
0.000452797
0.000326873
0.000236454
0.000211102
0.000186168
0.000168301
0.000135969
0.000119136
0.00012824
0.000117123
0.000127251
4.64821e-05
6.72154e-05
0.00011848
6.249e-05
1.48123e-05
8.54929e-06
5.87252e-06
5.41324e-06
3.6465e-06
2.22278e-06
6.58187e-07
6.43853e-05
3.38779e-07
2.23068e-07
7.17542e-07
7.15794e-05
3.27541e-05
1.58372e-05
4.74022e-05
3.60261e-07
1.02132e-08
5.32524e-07
1.34499e-07
1.04677e-06
1.23778e-08
