2.48945e-05
0.00346514
0.00383081
0.00495459
0.00525188
0.00750115
0.00842715
0.00918463
0.00572604
0.0166293
0.0186484
0.0209738
0.0200839
0.0184927
0.0177503
0.0179672
0.0188394
0.0199542
0.020859
0.0214417
0.0220306
0.0225519
0.0230567
0.0233904
0.0233917
0.0234325
0.0234213
0.0234276
0.0235468
0.0231903
0.0225958
0.0216428
0.0204933
0.0192239
0.0180016
0.0168915
0.0160899
0.015454
0.0146272
0.0139215
0.0140594
0.0146746
0.0158985
0.0178087
0.0203845
0.0232982
0.0262303
0.0275496
0.0282511
0.0269499
0.0244983
0.021297
0.0175938
0.0137786
0.0104919
0.00755125
0.00531724
0.00366678
0.00253459
0.00177945
0.00127358
0.000935663
0.000705809
0.000548924
0.0004399
0.00031316
0.000227589
0.000196823
0.000176705
0.000160644
0.00014687
0.000136472
0.000131565
0.000128264
8.75227e-05
7.62978e-05
6.92659e-05
7.47211e-05
4.42858e-05
2.93662e-05
1.82189e-05
2.07019e-05
2.21191e-05
7.82732e-06
7.90859e-06
4.10423e-06
6.52553e-06
1.35009e-06
7.56505e-07
5.72155e-07
1.47746e-06
6.96903e-07
2.05424e-06
4.27419e-07
1.00834e-07
4.42774e-08
1.0354e-07
1.10461e-07
7.58686e-08
2.44629e-08
