5.40512e-06
0.000588857
0.000437033
0.000957248
0.00127093
0.00132166
0.00144768
0.0018867
0.00189097
0.00710305
0.00995823
0.0138231
0.0152443
0.0144513
0.0138098
0.0148004
0.016511
0.0197193
0.0208722
0.0225764
0.0231025
0.0240303
0.0248892
0.0247677
0.0255936
0.0258413
0.0260145
0.0256688
0.0261084
0.0260558
0.0256337
0.0244238
0.0227243
0.0218782
0.0204908
0.0194404
0.0183289
0.0173024
0.0165288
0.0157873
0.0152909
0.0162432
0.0180919
0.0200612
0.0232729
0.0257771
0.0301835
0.0297485
0.030694
0.031043
0.0270754
0.0218442
0.0198248
0.0156372
0.0117909
0.00847397
0.00588267
0.00404605
0.00285513
0.00193629
0.0013672
0.00101654
0.000808567
0.00062837
0.000488188
0.000329945
0.000252547
0.000151534
0.000197397
0.000173312
0.0001683
0.000112502
0.00015832
0.000163774
8.77516e-05
2.22267e-05
6.78044e-05
9.12088e-05
0.000108425
9.8671e-06
3.82824e-06
0.000111279
1.69548e-06
9.50466e-05
7.09518e-07
2.31852e-07
0.000113254
9.87455e-06
8.97469e-05
1.39411e-05
6.8677e-05
0
2.5325e-05
5.30071e-08
2.99567e-06
9.23846e-09
5.10931e-07
0
0
8.32479e-09