5.98592e-06
0.000862073
0.00105773
0.00131113
0.00139558
0.00222145
0.00243507
0.00320992
0.00223024
0.00711982
0.00948148
0.0124263
0.0134358
0.0137253
0.0142519
0.0156154
0.0173261
0.0193517
0.0209167
0.021964
0.0231379
0.024035
0.024939
0.0255734
0.0256504
0.0259653
0.0259011
0.0260367
0.0262762
0.0259451
0.0253454
0.0242443
0.0229138
0.0216873
0.0202866
0.0190867
0.0182068
0.0174327
0.0164852
0.0157353
0.0157098
0.0164765
0.0178327
0.0200667
0.0229277
0.0260132
0.0293079
0.0306013
0.031279
0.0299544
0.0265361
0.0233634
0.0192553
0.0150629
0.011489
0.00819157
0.0057945
0.00404442
0.0028078
0.00196204
0.00139071
0.00102425
0.000777596
0.000587498
0.000463359
0.000336528
0.000242664
0.000202431
0.000189893
0.000168252
0.000150071
0.000116492
0.0001091
0.000103804
5.42468e-05
5.78741e-05
4.0019e-05
3.25991e-05
1.54471e-05
9.26455e-06
4.48735e-06
5.46561e-06
5.58744e-06
1.76927e-06
1.72019e-06
1.03849e-06
1.40034e-06
3.57927e-07
2.41446e-07
1.70212e-07
4.33628e-07
3.16611e-07
3.97865e-07
1.31136e-07
4.46201e-08
1.154e-08
3.1236e-08
2.99264e-08
9.16505e-09
5.85435e-09
