3.67886e-05
0.0024442
0.00817925
0.00680675
0.0128246
0.00590864
0.00886588
0.0114151
0.00776096
0.021146
0.0231616
0.0244149
0.0220552
0.0196803
0.0182492
0.0180956
0.0186324
0.0196167
0.0204084
0.020727
0.0212446
0.021751
0.0221254
0.0223825
0.0223361
0.0224538
0.0224529
0.0223461
0.0225238
0.0221078
0.0217018
0.0206898
0.019697
0.0184178
0.0171665
0.0161964
0.015377
0.0147817
0.013959
0.0133476
0.0134483
0.0139717
0.015133
0.0169684
0.019454
0.0224013
0.0251635
0.0259927
0.0271346
0.0259889
0.02367
0.0203213
0.0167784
0.0132283
0.0100699
0.00724692
0.0051257
0.00353594
0.00243799
0.00171533
0.00122158
0.000892721
0.000679735
0.000527289
0.000426851
0.000303472
0.000221308
0.000188173
0.000166309
0.000158397
0.00013183
0.000141289
0.000143673
0.000140922
8.5408e-05
9.28069e-05
3.21501e-05
9.69201e-05
0.000100959
9.76672e-05
1.58585e-05
0.000108132
0.000119626
0.000103903
7.33323e-05
7.40089e-05
9.7103e-05
6.46119e-07
7.26736e-05
6.77336e-05
5.00509e-05
3.81714e-05
3.07609e-05
1.8414e-05
3.72136e-07
0
5.58539e-06
0
0
7.36706e-08
