4.76486e-05
0.00952596
0.0077327
0.00683427
0.0108442
0.01166
0.0120224
0.0140074
0.00711263
0.022367
0.0193348
0.02249
0.0227798
0.0193591
0.017774
0.0181141
0.0187398
0.0192526
0.0208866
0.0207299
0.0215529
0.0217912
0.0218445
0.0218939
0.0223172
0.0215868
0.0224139
0.0223249
0.0222629
0.0220655
0.0209763
0.0203828
0.0192228
0.0185413
0.0168355
0.0156038
0.015041
0.0147982
0.0138816
0.013142
0.0136057
0.0138829
0.0147704
0.0165677
0.0188034
0.021917
0.0251938
0.0266809
0.0263799
0.0249737
0.0225363
0.0199958
0.0165102
0.0129016
0.00961118
0.00701912
0.00505576
0.00342451
0.00240824
0.00173763
0.0011972
0.000820378
0.000662206
0.000522249
0.000408834
0.000302683
0.000230007
0.000188748
0.000171739
0.000187427
0.000158668
0.000131572
0.000141573
0.000120132
9.17779e-05
7.17439e-05
5.15295e-05
0.000193231
8.06756e-05
2.86427e-05
2.19045e-05
6.25888e-05
4.10321e-05
1.33647e-05
1.03757e-05
4.75975e-06
7.07768e-06
2.68439e-06
1.40216e-06
1.30685e-06
6.43787e-07
9.81971e-07
0
7.1056e-07
4.21226e-07
6.18124e-08
0
0
0
0
