1.64256e-05
0.00236418
0.00281357
0.00346468
0.0036031
0.00532968
0.00565522
0.00725568
0.00454312
0.0134699
0.0164379
0.0188513
0.018822
0.0176671
0.017317
0.0177949
0.0187656
0.0201598
0.0211262
0.0218215
0.0225139
0.0231248
0.0236701
0.024084
0.024032
0.024142
0.0241622
0.0241615
0.0243115
0.0239272
0.0234178
0.0223588
0.021178
0.0199237
0.0185786
0.0174567
0.0166052
0.0160457
0.0151069
0.0143979
0.0145005
0.0151157
0.0164207
0.0183846
0.0209344
0.0240269
0.0270545
0.0285399
0.0291689
0.027824
0.0251645
0.0219166
0.0180708
0.0141049
0.0108104
0.0077435
0.00547889
0.00377136
0.0026124
0.00182823
0.00130115
0.000963241
0.00072448
0.00056476
0.00044812
0.00032338
0.000234277
0.000199068
0.000180474
0.000164219
0.000151125
0.000135577
0.000130035
0.000128216
8.12212e-05
8.19441e-05
6.65193e-05
5.76232e-05
3.35567e-05
2.2273e-05
1.15185e-05
1.34763e-05
1.37783e-05
4.49249e-06
4.62693e-06
2.8657e-06
3.59144e-06
1.00402e-06
6.33342e-07
4.88791e-07
1.19553e-06
8.54978e-07
9.62486e-07
3.31041e-07
1.29692e-07
3.2424e-08
7.78706e-08
1.0453e-07
2.25235e-08
1.73973e-08
