1.51775e-05
0.000903021
0.000881837
0.00314675
0.00241262
0.00699282
0.00537276
0.00355672
0.0024857
0.0139799
0.0202196
0.0196662
0.0156448
0.0141475
0.0155193
0.0178583
0.0178685
0.0193074
0.0190424
0.0212038
0.0232872
0.0231674
0.0237581
0.022795
0.0232702
0.0257056
0.024625
0.0257957
0.0242265
0.024055
0.0244107
0.0219282
0.021624
0.0182844
0.0180399
0.0178281
0.0158362
0.0166761
0.0164974
0.0156113
0.0143725
0.0160776
0.0172543
0.0190928
0.0206744
0.0249714
0.0259243
0.0320865
0.0309499
0.0258869
0.029001
0.0216158
0.018175
0.0141459
0.0134543
0.00761667
0.00560123
0.00427032
0.00270561
0.00190357
0.00130435
0.00103218
0.000727465
0.000715299
0.000417217
0.000334857
0.000234148
0.00017423
0.000150527
0.000165586
0.000376026
0.00018486
0.000244445
6.50744e-05
7.25013e-05
0.000145736
6.51304e-05
0.000130839
0
8.31186e-06
3.5057e-06
8.47593e-06
0
1.35741e-06
7.02553e-06
0
2.87543e-06
2.59662e-07
2.27861e-07
2.35969e-07
0
0
0
0
0
6.69664e-09
1.94583e-08
0
1.59369e-09
0
