2.96897e-05
0.00387345
0.00443574
0.00569013
0.00592189
0.00835403
0.00910035
0.00996953
0.00623014
0.0174493
0.0196503
0.0215205
0.020343
0.0188581
0.0180658
0.0179203
0.0188567
0.0198643
0.0207146
0.0214051
0.0219504
0.0223754
0.0228428
0.0231665
0.0232586
0.0231937
0.0232159
0.0230549
0.0234248
0.0228129
0.0224592
0.0214709
0.0203158
0.0190573
0.0177422
0.01672
0.0158404
0.0153067
0.0144747
0.0137556
0.013888
0.014554
0.0156403
0.0175523
0.0200133
0.0229949
0.0259993
0.0271537
0.0277461
0.02662
0.0241874
0.0212004
0.0173409
0.0134932
0.010297
0.00752858
0.00526376
0.00360424
0.00251586
0.00174779
0.00124743
0.000929346
0.000694604
0.000542464
0.000432885
0.000308715
0.000227609
0.000192757
0.000173876
0.000162457
0.000148494
0.000134195
0.000128748
0.000129783
9.25026e-05
7.53025e-05
7.66447e-05
7.54056e-05
4.61153e-05
3.31919e-05
2.18328e-05
2.38138e-05
2.81719e-05
9.10746e-06
9.51268e-06
5.28207e-06
7.42874e-06
1.4235e-06
9.7368e-07
7.04044e-07
2.08467e-06
7.29017e-07
2.25815e-06
6.75886e-07
1.30831e-07
4.95125e-08
1.98799e-07
1.25805e-07
8.42843e-08
2.44732e-08
