1.08867e-05
0.00125623
0.00177668
0.00248744
0.00301342
0.00376184
0.00480424
0.00474348
0.0034744
0.0107413
0.0144653
0.0171224
0.0175227
0.0167503
0.0169463
0.0174014
0.0188444
0.0201641
0.0214387
0.0220593
0.0228077
0.0234927
0.0241624
0.0245064
0.0246755
0.024745
0.0247962
0.0247371
0.0249306
0.0245156
0.0238816
0.0229089
0.0216876
0.0203997
0.0190391
0.017911
0.0170363
0.0164124
0.015476
0.0147445
0.0149502
0.0155804
0.0168572
0.0188132
0.0215097
0.0246996
0.0278269
0.0293008
0.0299028
0.0284488
0.0259621
0.0224436
0.0184211
0.0145018
0.01106
0.00790414
0.0055867
0.00387262
0.00268346
0.00187724
0.00133786
0.000976285
0.000747057
0.000569954
0.000456816
0.000329309
0.000237641
0.00019775
0.000177429
0.000165804
0.00015099
0.000124038
0.000142802
0.000116684
9.82759e-05
7.39461e-05
4.82328e-05
5.44288e-05
6.72334e-05
2.07192e-05
7.55871e-06
5.70637e-06
6.55879e-06
2.25683e-06
1.26124e-05
1.99698e-06
2.38882e-06
8.87452e-07
5.38855e-07
2.1112e-06
9.76752e-07
6.10537e-07
2.53881e-06
7.33783e-07
8.71561e-07
3.26469e-08
8.54742e-07
3.14707e-06
9.95638e-07
1.30961e-08
