1.34001e-05
0.000703062
0.00200869
0.00205959
0.00302552
0.00591076
0.00668046
0.00345453
0.00391463
0.0126035
0.0143095
0.0165753
0.0153035
0.0164988
0.0160851
0.0167403
0.0180162
0.019799
0.0211223
0.0217524
0.0224907
0.0234871
0.0240472
0.0244026
0.0244612
0.0249894
0.0244462
0.0245684
0.0250161
0.0247237
0.0240464
0.0231665
0.0216543
0.0207381
0.019071
0.0180832
0.0172126
0.0165577
0.0155737
0.0149412
0.0150174
0.0156307
0.01699
0.0190091
0.0218074
0.0245131
0.0275603
0.0294148
0.0304072
0.0290087
0.025876
0.0225729
0.0187151
0.0138967
0.0110303
0.00804988
0.00555503
0.00389433
0.00262263
0.0018946
0.00132219
0.000996395
0.00072769
0.000566413
0.000472672
0.000329944
0.00024229
0.000210467
0.000183251
0.000170446
0.000155097
0.00014924
0.000147952
8.46053e-05
0.000115582
8.30469e-05
9.51474e-05
0.000100696
2.68448e-05
8.83389e-06
2.88013e-06
3.61095e-06
3.98632e-05
1.13698e-06
1.92003e-05
4.57745e-06
4.47743e-06
4.34653e-07
3.23925e-07
2.48815e-07
5.30682e-06
1.54852e-06
4.30522e-06
1.61074e-06
8.48765e-07
1.03315e-08
2.89525e-07
1.87383e-07
1.38134e-09
1.23377e-08
