1.13071e-05
0.000527473
0.00072736
0.00208428
0.00148099
0.00365987
0.00301387
0.00539422
0.00372568
0.00965149
0.0124585
0.0177828
0.0178578
0.0181825
0.0169478
0.0167716
0.0186519
0.0196006
0.0212041
0.0216483
0.0225418
0.023403
0.0240916
0.0243561
0.0246371
0.0250506
0.0250611
0.0251239
0.025044
0.0247843
0.0242968
0.0230477
0.0220676
0.020655
0.0192593
0.018052
0.017304
0.0161542
0.0157304
0.0148985
0.0152999
0.0158831
0.0171989
0.01877
0.0217295
0.0247206
0.0283042
0.0291917
0.030614
0.029496
0.0257816
0.0222867
0.0187119
0.0147915
0.0112969
0.00811271
0.00574701
0.00382285
0.0027023
0.00186126
0.00136903
0.00099689
0.000735198
0.000597722
0.000474433
0.00033649
0.000235463
0.000217679
0.000189013
0.000174889
0.000169353
0.000114923
0.000135631
0.000156244
0.000126252
7.74457e-05
2.40815e-05
0.000114846
0.000109302
6.37955e-06
7.52879e-06
0.000135015
5.99926e-05
1.06713e-06
1.43748e-06
3.60846e-06
4.4434e-07
3.77386e-07
3.12725e-07
1.29761e-07
0.000141191
2.15359e-05
1.20242e-07
0
5.77377e-07
1.06116e-08
7.00271e-07
1.1696e-07
6.88251e-07
1.45475e-08