3.84623e-06
0.000771493
0.000881607
0.00117163
0.000969293
0.00153938
0.00194353
0.00227477
0.0018581
0.00732318
0.00929853
0.0130675
0.0117321
0.0135092
0.0142682
0.0165515
0.0181052
0.0201858
0.0212588
0.0223177
0.0230192
0.024441
0.0251096
0.0254357
0.02577
0.0259282
0.025847
0.0265505
0.0262719
0.0261961
0.0252191
0.0242367
0.0232305
0.0219833
0.02037
0.0190097
0.0178397
0.0176738
0.0161659
0.0157128
0.0155597
0.0165939
0.018179
0.0198513
0.0228136
0.0264573
0.0298456
0.0306197
0.031348
0.0305475
0.0261695
0.0226134
0.0194226
0.0144747
0.0112156
0.00784894
0.00593649
0.00405301
0.00281498
0.00195369
0.00141579
0.00104739
0.000775672
0.000595818
0.000451197
0.000288543
0.000230145
0.000186789
0.000193789
0.00017581
0.000111763
0.000157249
0.000169473
9.30433e-05
4.37803e-05
4.44007e-05
8.92529e-06
9.46877e-05
9.60615e-05
5.4739e-06
7.37399e-05
9.28673e-06
8.16836e-05
1.88774e-06
1.63444e-06
5.3062e-05
5.63588e-05
4.75012e-05
3.25202e-07
1.06937e-07
5.12641e-05
3.12773e-05
1.89039e-05
2.26325e-05
2.68334e-06
6.01627e-09
7.6277e-07
3.92972e-08
3.74839e-07
6.12399e-09
