5.36978e-05
0.0104998
0.00584903
0.00632787
0.00665124
0.0149182
0.014028
0.015878
0.00747005
0.0211851
0.0218148
0.0224095
0.0204431
0.0184943
0.0180167
0.0177386
0.0184063
0.019266
0.0199537
0.0204162
0.0208776
0.0214617
0.0218244
0.0220985
0.0222282
0.0222049
0.0222221
0.0220644
0.0222674
0.0218301
0.0213767
0.020467
0.0193809
0.0181319
0.0169351
0.0159474
0.015146
0.0145685
0.0137593
0.0130686
0.0132627
0.0138771
0.0150156
0.016812
0.0190513
0.0217598
0.024826
0.0261259
0.0267361
0.0255412
0.0233046
0.0201497
0.0165364
0.013082
0.00995924
0.00715659
0.00499788
0.0034469
0.00239346
0.00167715
0.0012057
0.000879549
0.000669433
0.00052296
0.000419779
0.000298511
0.000216224
0.000186011
0.000168232
0.000155229
0.000139498
0.000140539
0.000137693
0.000128823
0.000112839
9.3104e-05
6.80507e-05
6.98798e-05
6.91865e-05
7.74453e-05
7.81251e-05
7.91503e-05
8.03451e-05
7.13188e-05
1.01912e-05
8.42691e-05
4.64458e-05
6.7894e-05
5.23772e-05
8.46159e-05
6.5131e-05
5.29838e-05
1.60116e-05
1.43773e-05
3.40919e-05
1.66759e-06
3.8764e-06
2.23008e-06
3.80986e-06
6.92718e-08
