4.09171e-06
0.000370667
0.000812886
0.00101932
0.00111903
0.00221136
0.00273484
0.00307628
0.00177431
0.006653
0.00827118
0.0106878
0.0133735
0.0133594
0.0143335
0.0145602
0.0174462
0.0200259
0.0211176
0.0223925
0.0236056
0.0245327
0.0253995
0.0256105
0.026362
0.0259885
0.026145
0.0264348
0.0265385
0.0262341
0.0252479
0.0241025
0.0232599
0.0219259
0.020458
0.0193109
0.0182092
0.0176433
0.0164361
0.0157981
0.0160122
0.0167582
0.0181964
0.0203584
0.0229331
0.0259545
0.0299861
0.0308154
0.0311508
0.0279152
0.0270836
0.0232562
0.0187299
0.01515
0.0117592
0.00839371
0.00575888
0.00407073
0.00280627
0.00197924
0.00141614
0.00105835
0.000788551
0.000562269
0.000434358
0.000295989
0.000256631
0.000222279
0.000193543
0.000168495
0.000171475
0.00012832
9.67187e-05
0.00011664
4.39503e-05
2.69066e-05
3.93179e-05
0.000101718
1.31463e-05
5.31277e-05
1.63276e-06
1.77701e-05
1.61997e-06
2.71594e-06
6.80001e-05
9.94808e-07
3.9759e-05
2.54969e-07
2.25048e-06
5.70986e-06
0
4.68045e-06
1.25981e-07
9.31369e-06
0
3.01473e-08
4.70842e-07
1.0835e-06
1.23403e-06
3.99746e-09
