5.0701e-05
0.00745035
0.00730872
0.00833161
0.00945436
0.0120751
0.0118593
0.0131543
0.00758137
0.0194817
0.0217628
0.0229949
0.0213624
0.0191674
0.017899
0.01768
0.0184653
0.0194895
0.0201615
0.0206419
0.0210472
0.0214724
0.0219243
0.0222405
0.0223618
0.0222569
0.0222189
0.0222264
0.0224589
0.0220614
0.021596
0.0205211
0.0194016
0.0182975
0.017017
0.0160299
0.0152774
0.0146416
0.0138748
0.0131914
0.013324
0.0138278
0.0151063
0.0168972
0.0191503
0.0221536
0.0250457
0.0260389
0.0268352
0.0257593
0.0234349
0.0202257
0.0167041
0.0131914
0.0100655
0.00718901
0.00507081
0.0034844
0.00240323
0.00169018
0.00121874
0.00089123
0.000671971
0.000529709
0.000421112
0.000297883
0.000216362
0.000187541
0.000166467
0.000149582
0.000146999
0.000130835
0.000131337
0.000130319
9.96122e-05
8.14819e-05
8.3254e-05
8.25851e-05
5.73026e-05
4.27234e-05
2.99116e-05
3.86306e-05
4.42434e-05
1.30719e-05
1.39427e-05
8.2829e-06
1.242e-05
2.32792e-06
1.64036e-06
1.29953e-06
3.09764e-06
1.33155e-06
3.93449e-06
9.63517e-07
1.84794e-07
7.93111e-08
3.29725e-07
1.29788e-07
1.75535e-07
8.7947e-08
