0.0026792
0.0589034
0.0459899
0.0367369
0.0231891
0.0220324
0.0182709
0.0183624
0.00878707
0.0205283
0.0212101
0.0211845
0.0189591
0.01664
0.0153123
0.0150359
0.0153571
0.0160423
0.0165726
0.0168965
0.0172085
0.0176089
0.0178995
0.0180769
0.0180934
0.0181002
0.0180863
0.0180029
0.0181275
0.0178035
0.0173755
0.0166219
0.0157358
0.0147653
0.0137641
0.0129543
0.0123015
0.011864
0.0111883
0.0106649
0.0107811
0.0112828
0.0122268
0.0136481
0.0155781
0.0178703
0.0201761
0.0212841
0.0217819
0.0207865
0.018988
0.0164089
0.013512
0.0106688
0.00810559
0.00584368
0.00412292
0.00283078
0.00195093
0.0013708
0.000984079
0.000721609
0.000546243
0.000425642
0.00034258
0.000243634
0.000177825
0.000152953
0.000136695
0.000125876
0.000118556
0.000114714
0.00011227
0.000111711
9.10933e-05
7.80754e-05
7.81405e-05
7.8838e-05
8.29777e-05
8.46158e-05
9.03339e-05
9.13182e-05
9.29325e-05
6.61819e-05
5.67689e-05
6.52231e-05
6.6172e-05
7.36427e-05
5.9588e-05
6.17084e-05
4.82293e-05
7.6507e-05
2.72003e-05
3.46005e-05
8.20459e-05
4.81591e-05
0
0
0
0