0.00121859
0.00157494
0.00209363
0.00247584
0.00342778
0.00418309
0.00434502
0.003207
0.00979969
0.0133819
0.0160322
0.0167644
0.0162716
0.0163665
0.01714
0.0185027
0.0202565
0.0213996
0.0220565
0.0229023
0.0238732
0.0243399
0.0247982
0.0247192
0.024988
0.024984
0.0249671
0.0251897
0.0248762
0.0241507
0.0231334
0.0219612
0.0206253
0.0192676
0.018196
0.0171999
0.0166184
0.0157062
0.0149543
0.01508
0.0158593
0.017049
0.0191872
0.0216473
0.0249994
0.0279729
0.0294575
0.0302735
0.0288636
0.0263844
0.0225892
0.0185221
0.0147482
0.0111742
0.0079335
0.00564898
0.00390452
0.00273423
0.00189067
0.00134883
0.000981374
0.000758222
0.000572607
0.000450076
0.000328441
0.000239506
0.000198287
0.000181416
0.000167691
0.00015529
0.000128487
0.000135509
0.000118699
8.81987e-05
6.78739e-05
4.91801e-05
5.25884e-05
4.38909e-05
1.80515e-05
7.1677e-06
6.094e-06
6.15794e-06
2.19523e-06
6.64958e-06
1.75848e-06
2.28022e-06
7.12442e-07
4.56139e-07
7.61233e-07
9.13589e-07
5.10517e-07
1.43545e-06
5.34151e-07
2.29726e-07
2.43866e-08
2.22027e-07
1.91597e-07
4.67606e-08
1.03942e-08
