6.41063e-06
0.000463166
0.000785011
0.00157031
0.00190928
0.00213242
0.00221096
0.00413211
0.00253744
0.00531007
0.0088694
0.0101674
0.0132532
0.0135087
0.0135884
0.0142419
0.0165761
0.0182222
0.0203486
0.0218997
0.0225984
0.024046
0.0247573
0.0255205
0.0260018
0.0259991
0.0267141
0.0262859
0.0269978
0.0258502
0.0258155
0.0245258
0.0233143
0.0215477
0.020316
0.0189359
0.0185404
0.017575
0.0163046
0.0159916
0.0160693
0.0168365
0.0176825
0.0203579
0.022964
0.0257451
0.0287073
0.0318898
0.0318243
0.0309738
0.0281511
0.0224214
0.0197999
0.015639
0.0115504
0.00842928
0.0060452
0.00413714
0.00287478
0.00202587
0.00138124
0.00104569
0.000808634
0.000595294
0.00045524
0.000360553
0.000258807
0.000210411
0.000193539
0.00012318
0.000171465
0.00010843
0.000107434
0.000150177
0.000127291
7.03379e-05
8.02372e-05
0.00012007
8.73438e-06
3.60932e-06
4.69061e-06
1.62962e-06
8.35505e-05
1.29351e-06
1.43049e-05
6.2154e-07
2.3517e-06
1.58612e-06
1.36458e-07
0
8.40316e-08
1.29968e-06
3.17383e-07
9.40458e-06
2.66752e-08
0
5.43356e-07
1.09407e-06
1.24607e-06
6.38496e-09
