4.21468e-06
0.000376108
0.000864697
0.00104431
0.000899738
0.00221746
0.00273435
0.00307457
0.00178993
0.0068773
0.00854978
0.0109678
0.0136304
0.0135429
0.0143174
0.0146837
0.0176123
0.0201385
0.0211385
0.0224684
0.0232373
0.0245435
0.025474
0.025671
0.026363
0.0259478
0.0261327
0.0263973
0.026455
0.0261729
0.025268
0.0241386
0.0231694
0.0218911
0.0204182
0.0192546
0.0182269
0.0176204
0.0163166
0.0157066
0.0159808
0.0167328
0.0181148
0.0203138
0.0227647
0.0258651
0.0299269
0.0304901
0.0310492
0.0281416
0.0270094
0.023283
0.0187798
0.0151304
0.0117383
0.00837188
0.00569913
0.00405891
0.00279984
0.00197686
0.00141345
0.00105138
0.000784207
0.000550538
0.000430452
0.000299368
0.000257066
0.000221466
0.00019184
0.000170014
0.000171994
0.0001315
0.000101542
0.000110633
4.79821e-05
2.94228e-05
4.28464e-05
0.000103618
1.13997e-05
5.59375e-05
1.80026e-06
2.00654e-05
8.91235e-07
1.5199e-06
7.03071e-05
1.12756e-06
3.95663e-05
2.56358e-07
2.55951e-06
6.49394e-06
9.59722e-05
4.87956e-06
1.36116e-07
1.05926e-05
0
3.04617e-08
4.75998e-07
1.23228e-06
7.0174e-07
4.12016e-09