5.49134e-06
0.000543517
0.000409981
0.000926639
0.00185175
0.00150186
0.00154563
0.00208707
0.00202174
0.00697586
0.0105491
0.0134832
0.01505
0.0143821
0.0137615
0.0148817
0.0162426
0.0196535
0.0207191
0.0225773
0.0229421
0.0238828
0.0247622
0.0246567
0.0256211
0.0257482
0.0259438
0.0257235
0.0259669
0.0260094
0.0255677
0.0244038
0.0228172
0.0219073
0.0204634
0.0194533
0.0183582
0.017278
0.0165054
0.0157956
0.0155416
0.0161782
0.0180826
0.020076
0.0233165
0.0260846
0.030251
0.0294652
0.0305069
0.0310906
0.027098
0.0216805
0.0199289
0.0156545
0.0118025
0.00845871
0.00598997
0.00405093
0.00284809
0.00193995
0.00136998
0.00101572
0.000808194
0.000627453
0.000487092
0.0003273
0.000250527
0.00016412
0.000195986
0.000171174
0.000168117
0.000107818
0.00015806
0.00016051
8.46607e-05
2.24692e-05
6.64301e-05
8.78868e-05
0.000111983
9.35077e-06
3.37513e-06
0.000117285
1.49397e-06
8.83905e-05
6.24776e-07
2.03636e-07
0.000132628
6.28783e-05
7.88251e-05
1.22445e-05
6.03194e-05
0
2.22431e-05
4.65564e-08
2.63111e-06
8.11419e-09
4.48754e-07
0
0
8.2866e-09
