6.52882e-06
0.000504808
0.000862832
0.00165325
0.00195718
0.00218481
0.00229727
0.00423216
0.00254189
0.00530031
0.00891064
0.0104823
0.0134818
0.0137547
0.0135877
0.014488
0.0166564
0.0182625
0.0203334
0.0218883
0.022617
0.0239941
0.0247572
0.0254894
0.0259913
0.0260393
0.0266337
0.0262712
0.0269178
0.0258009
0.0257779
0.0245135
0.0231964
0.021562
0.0202911
0.0189305
0.0185082
0.0175369
0.0162871
0.0159439
0.0160657
0.0168181
0.0176387
0.020332
0.0229829
0.0257922
0.0286278
0.0318281
0.0310687
0.0308392
0.0281214
0.0224544
0.0196979
0.0156184
0.0115519
0.00839936
0.00603532
0.00413034
0.00286988
0.00201956
0.00138169
0.00104544
0.000804083
0.000591355
0.000457837
0.000359105
0.000257851
0.000211079
0.000194526
0.000126425
0.000171756
0.00010856
0.000110755
0.000150586
0.0001261
7.30103e-05
8.23049e-05
0.00012059
9.21765e-06
3.46066e-06
5.16574e-06
1.7951e-06
8.56007e-05
1.42632e-06
1.09007e-05
6.84328e-07
2.18361e-06
1.47372e-06
1.37118e-07
0.000152675
9.27161e-08
1.36572e-06
3.50184e-07
1.03765e-05
2.78339e-08
0
5.99511e-07
4.0238e-07
6.87424e-07
6.51203e-09