1.63835e-05
0.000453065
0.00140105
0.00394697
0.00423662
0.0122796
0.00449271
0.00203941
0.0027615
0.00759854
0.0228254
0.021584
0.0161604
0.0231732
0.014275
0.0206313
0.0136717
0.0211287
0.0219281
0.019947
0.0202292
0.0218297
0.0225728
0.0233167
0.0252334
0.026587
0.0208875
0.0238029
0.0240531
0.0242681
0.0227937
0.0226765
0.0199264
0.0213585
0.0177301
0.0169631
0.0170794
0.0164895
0.0172243
0.0141052
0.014127
0.0133714
0.0144424
0.0194106
0.0242031
0.0237484
0.0246546
0.029005
0.0353515
0.0286917
0.0242918
0.0214097
0.0197281
0.0107879
0.0152726
0.00820903
0.00575061
0.0039081
0.00279637
0.00193044
0.00105302
0.000890481
0.000506923
0.000405023
0.000382249
0.000303343
0.000154856
0.000267708
0.000135941
9.69244e-05
0.000565981
9.2748e-05
0.000245286
5.44154e-05
5.45632e-05
0
0
1.09408e-05
0
0
4.83693e-06
3.18942e-06
0
2.72416e-06
0
0
7.21332e-07
0
0
1.77586e-07
0
0
0
0
0
8.39961e-09
0
0
1.59918e-09
0
