2.92723e-05
0.00381887
0.00458483
0.00380216
0.00730815
0.00990038
0.00876965
0.00827273
0.00618035
0.0165771
0.0214312
0.021418
0.0207513
0.0184475
0.0184682
0.0180261
0.0187016
0.0194563
0.0208206
0.021397
0.0219647
0.0224132
0.0233928
0.022996
0.0230568
0.0228052
0.0229742
0.0236934
0.0230316
0.0234941
0.0218863
0.0216804
0.0202879
0.0190543
0.0176348
0.0167287
0.0158265
0.015356
0.0147287
0.0139123
0.013791
0.0145587
0.0156853
0.017547
0.019711
0.0225235
0.0258386
0.0287785
0.0276578
0.0265663
0.0239542
0.0210869
0.0166433
0.0135841
0.0104218
0.00739227
0.00539432
0.00368842
0.00240404
0.00172652
0.00121698
0.000894945
0.000691759
0.00052627
0.000431871
0.000312506
0.000236612
0.000200578
0.000173254
0.000157049
0.000166593
0.000126231
0.000137834
0.000155241
9.41214e-05
6.45665e-05
7.90382e-05
0.00012173
5.08233e-05
2.57772e-05
2.75984e-05
1.18287e-05
3.10188e-05
7.77171e-06
8.1705e-06
2.99851e-06
5.35048e-06
1.53735e-06
7.06657e-07
8.23277e-07
1.35189e-06
2.47445e-06
1.49555e-06
0
1.76907e-07
7.78801e-08
0
1.04149e-07
0
0
