1.22969e-05
0.000549585
0.00382394
0.00151195
0.00342612
0.00297912
0.00700693
0.00225876
0.0035173
0.00754145
0.0127791
0.0157093
0.0147024
0.0125755
0.0162079
0.0182886
0.0185992
0.0198704
0.0211607
0.0218374
0.0219941
0.0221068
0.0239276
0.0274335
0.027111
0.0245403
0.0250761
0.0246259
0.0255752
0.0252587
0.0243272
0.0212812
0.0239059
0.0217567
0.0193831
0.018118
0.0162754
0.0165918
0.0162106
0.0149187
0.0164391
0.0158861
0.0167454
0.0202583
0.022835
0.0262007
0.0278302
0.0288776
0.0306927
0.0291506
0.023925
0.0258224
0.0187599
0.0122174
0.0127767
0.00739989
0.00509039
0.00321334
0.00269215
0.00197713
0.0014051
0.00110719
0.000754671
0.000526402
0.000492217
0.000292208
0.000288323
0.000210643
0.000145501
0.000198405
0.000108404
0.000122735
0.000223156
4.9506e-05
9.92809e-05
0.000133044
4.45937e-05
0.000119444
3.98953e-05
5.31159e-05
3.91159e-06
7.73777e-06
0
1.41622e-06
6.41369e-06
0
0
5.53113e-07
0
1.61564e-07
0
0
0
0
0
1.52836e-08
1.77637e-08
0
1.93986e-09
0
