5.4757e-06
0.000178908
0.000703958
0.00127897
0.00176189
0.0034344
0.00366813
0.00423538
0.00207763
0.00783274
0.00801361
0.0122661
0.0134489
0.0144037
0.0140471
0.0143017
0.0161074
0.0192521
0.0206782
0.0217115
0.0234996
0.024106
0.0247434
0.025222
0.0256758
0.0257011
0.0254294
0.0259277
0.0264235
0.0261042
0.0247632
0.0239472
0.0228386
0.0215922
0.0204185
0.0192399
0.0180789
0.0172639
0.0161774
0.0158785
0.0154659
0.0161287
0.0177788
0.0203064
0.0230995
0.0259993
0.0295194
0.0313293
0.0315156
0.0307307
0.0273457
0.0238001
0.0195595
0.0146762
0.0113917
0.00810289
0.00595791
0.00407033
0.00283
0.00198784
0.00135081
0.00099977
0.000717219
0.00054488
0.000467696
0.000348176
0.000227934
0.000211554
0.000147269
0.000167558
9.32652e-05
9.45013e-05
8.06226e-05
0.000163855
6.74049e-05
2.3242e-05
1.60925e-05
0.000105226
5.54724e-06
4.11302e-06
8.36186e-06
1.74598e-06
2.27118e-06
5.00443e-07
7.9698e-05
6.23006e-07
4.64241e-07
7.44805e-07
5.03305e-08
2.55578e-07
6.0383e-08
4.77705e-06
1.15489e-05
1.03701e-05
4.09832e-06
1.79972e-08
6.98997e-07
2.41278e-06
4.90713e-09
5.45389e-09