8.97643e-06
0.000714978
0.00148958
0.00175489
0.00212534
0.0036715
0.00455197
0.00306334
0.00322556
0.0110043
0.0122355
0.0150597
0.0143273
0.0153697
0.0156886
0.0166766
0.0182029
0.019688
0.0212056
0.0219605
0.0227371
0.0236221
0.0244998
0.024502
0.0249156
0.0255455
0.025081
0.0254348
0.0254786
0.0252215
0.0247841
0.0235964
0.0221262
0.0211479
0.0195247
0.0182675
0.0174876
0.0170094
0.0158161
0.015263
0.0152376
0.0159036
0.0174058
0.0194539
0.0222535
0.0253438
0.0284192
0.0300916
0.030655
0.029296
0.0265095
0.0225395
0.01906
0.0140172
0.0111792
0.00802755
0.00569974
0.00394073
0.00266055
0.00193935
0.00134532
0.00101857
0.000744755
0.000584838
0.000475259
0.000325625
0.0002504
0.00021448
0.000198422
0.000173632
0.000145917
0.000161182
0.000147555
8.3259e-05
8.42174e-05
6.9171e-05
3.36246e-05
0.00010406
2.88989e-05
7.68935e-06
2.98106e-06
4.07405e-06
2.94331e-05
1.17918e-06
7.21192e-06
4.91766e-06
3.96637e-06
5.34878e-07
2.88194e-07
1.92293e-07
9.62083e-06
3.35422e-06
1.41909e-05
1.41583e-06
5.03588e-07
9.01203e-09
4.29452e-07
1.23531e-07
1.64074e-09
8.57317e-09
