5.85505e-06
0.00371708
0.0026526
0.00040775
0.0023565
0.00530237
0.00479041
0.0027344
0.00293239
0.00231487
0.00716807
0.0102718
0.0140141
0.0153602
0.0108772
0.0165349
0.0182261
0.01952
0.0215237
0.0218718
0.0229181
0.0234642
0.0243917
0.0252196
0.0255664
0.0258532
0.0233965
0.0264533
0.0268132
0.0257604
0.0253866
0.0244869
0.0210884
0.0212238
0.0202955
0.0191315
0.0185647
0.0171322
0.0164136
0.0156943
0.0155336
0.0165881
0.0178885
0.0202335
0.0235001
0.0266549
0.027705
0.0324435
0.0292262
0.0307219
0.0271455
0.0234427
0.0195391
0.0155246
0.0116356
0.00824062
0.00608649
0.00410206
0.00271399
0.00207542
0.00136443
0.00103736
0.000801796
0.000618904
0.000385549
0.000319977
0.000267045
0.000194332
0.000208792
0.000177441
0.0001583
2.37482e-05
0.000152841
0.000193637
0.000116779
0.000110749
9.84836e-05
0.000134642
9.81195e-05
0.000143698
9.52407e-05
0.000209335
2.21349e-06
0.000134099
1.04716e-07
0.000111437
1.05994e-06
6.79141e-08
0
0
0
0
0
2.37655e-06
3.43619e-08
0
0
0
0
5.91612e-09
