0.00128232
0.00373108
0.00332731
0.00375688
0.00332745
0.00370775
0.00238648
0.000844444
0.00062514
0.000786284
0.000769511
0.000793337
0.000791671
0.000817345
0.000879449
0.000982403
0.00115191
0.00136995
0.00157032
0.00173506
0.00188824
0.00202692
0.00218704
0.00236674
0.00258105
0.00287716
0.00324556
0.00366181
0.00412452
0.00463944
0.00509627
0.00562592
0.00607149
0.00648699
0.00680562
0.00705245
0.00716543
0.0072264
0.00725943
0.00733645
0.00737805
0.0075744
0.00810739
0.00893996
0.0104008
0.0123458
0.0144279
0.0174941
0.0208146
0.0247933
0.0284713
0.0327959
0.0367764
0.0396907
0.0454731
0.0514311
0.0541367
0.0565366
0.0597789
0.0573424
0.0661982
0.0570238
0.0475772
0.0323654
0.0264851
0.0164308
0.0108896
0.00650525
0.00400738
0.00276418
0.00186215
0.00119138
0.000773689
0.000515211
0.000340111
0
0
0
0
0
0
0
0
0
0
0
0
0
0
0
0
0
0
0
0
0
0
0
0
0
