3.18943e-05
0.00438781
0.00526614
0.00624606
0.00614461
0.00875765
0.00891949
0.0105475
0.00628552
0.0173587
0.0197688
0.0218089
0.0206738
0.0189044
0.018002
0.0180282
0.0187762
0.0198576
0.0207004
0.0212034
0.0217561
0.0222589
0.0227418
0.0230147
0.0230535
0.0230766
0.0230731
0.0230429
0.0232015
0.0228053
0.0222404
0.0212812
0.0201843
0.0189096
0.0176598
0.016618
0.0158046
0.0152102
0.0143724
0.0136744
0.0138195
0.0144611
0.0156242
0.0174989
0.0199759
0.0228677
0.0258532
0.0271314
0.0278004
0.026526
0.0241688
0.0209589
0.017244
0.0135922
0.0103229
0.00743191
0.00524656
0.00360629
0.00249672
0.00175195
0.00125535
0.000922117
0.000695821
0.000540315
0.000432136
0.000307811
0.000224945
0.000193639
0.000173364
0.000158773
0.000146893
0.000136461
0.000131868
0.000131198
9.27349e-05
8.48267e-05
7.65756e-05
7.22902e-05
4.99093e-05
3.62327e-05
2.05625e-05
2.40208e-05
2.46436e-05
8.66185e-06
8.42276e-06
5.18871e-06
6.87113e-06
1.91604e-06
1.25517e-06
8.8932e-07
2.1827e-06
1.73503e-06
2.05043e-06
6.73953e-07
2.27304e-07
6.26904e-08
1.6304e-07
1.65971e-07
4.84368e-08
3.16759e-08
