5.7516e-06
0.00169898
0.00112583
0.00105722
0.00167233
0.00195949
0.00240679
0.00314906
0.00245725
0.00670454
0.00835067
0.0124522
0.0153764
0.0150743
0.0145484
0.0158061
0.0174902
0.0197009
0.0210325
0.0213716
0.0238724
0.0243503
0.0247701
0.0258998
0.0255353
0.0251311
0.0258933
0.0262908
0.0254635
0.0258949
0.027171
0.024321
0.0223055
0.0217232
0.0190149
0.0192344
0.018656
0.0177305
0.0171696
0.0159425
0.0151556
0.0168661
0.0181728
0.0183482
0.023291
0.0251761
0.0285457
0.030476
0.029955
0.0307408
0.027421
0.0228824
0.0187656
0.0145869
0.0112574
0.00782265
0.00588126
0.00405837
0.0028265
0.00204963
0.0012554
0.000918861
0.000750373
0.000584162
0.0004611
0.000271198
0.000263413
0.000186772
0.000178868
0.000145385
0.000202134
7.72894e-05
0.000102202
6.80187e-05
4.54689e-05
6.85484e-05
2.82782e-05
0.000246165
2.7407e-05
7.29785e-06
3.8186e-06
5.9801e-06
5.22727e-06
1.70259e-06
1.65226e-06
8.48913e-07
1.35249e-06
3.79974e-07
1.94867e-07
2.21981e-07
1.36691e-07
2.50196e-07
0
1.81043e-07
1.07324e-07
1.04994e-08
3.66096e-08
2.10614e-08
0
0
