1.37347e-05
0.000756974
0.000793855
0.00263782
0.0023005
0.00533429
0.00450382
0.00326394
0.00239922
0.0152346
0.0146895
0.0170476
0.014554
0.0154172
0.0145689
0.0164526
0.0176625
0.0189048
0.0197164
0.0219677
0.0229656
0.0224739
0.0232337
0.0226452
0.023888
0.0270449
0.0249446
0.0255818
0.024853
0.0249211
0.0249709
0.0226698
0.0228595
0.0186419
0.0189628
0.0181307
0.015863
0.0169876
0.0161988
0.0159609
0.0152038
0.0158807
0.0166314
0.0200261
0.021933
0.0240836
0.0266757
0.0317737
0.0325122
0.0279799
0.0293677
0.0224762
0.0182639
0.013623
0.0128203
0.00830026
0.00529008
0.00409265
0.00264077
0.00188583
0.00129021
0.0010366
0.000756445
0.000662153
0.000449313
0.000348812
0.000224234
0.000163219
0.000164037
0.000145746
0.000273183
0.000179067
0.000213107
4.72766e-05
6.77214e-05
0.000158816
7.09758e-05
0.000142581
9.52466e-05
7.04499e-06
2.62648e-06
5.54198e-06
0
1.31487e-06
7.65607e-06
4.917e-06
3.1335e-06
2.82967e-07
1.55195e-07
1.54288e-07
0
0
0
0
0
4.56103e-09
2.12047e-08
0
1.73672e-09
0
