5.98721e-06
0.000859295
0.00105599
0.00131201
0.00138876
0.0022098
0.002423
0.00319793
0.00222072
0.00708992
0.00945628
0.0123918
0.0134202
0.0137206
0.0142292
0.0155986
0.0173332
0.0193399
0.0209248
0.0219649
0.0231437
0.0240415
0.0249606
0.0255736
0.0256596
0.0259969
0.025912
0.0260331
0.026275
0.0259352
0.0253466
0.0242666
0.0229104
0.0216952
0.0202994
0.0190945
0.0182063
0.0174364
0.0164839
0.0157443
0.0157103
0.0164798
0.0178332
0.0200816
0.0229276
0.0260039
0.029317
0.0306144
0.0313145
0.0299726
0.0265264
0.0233516
0.0192509
0.0150544
0.0114943
0.00819443
0.00580028
0.00404481
0.00280797
0.00196337
0.00139357
0.00102497
0.00077843
0.000587509
0.000463533
0.000336556
0.000242467
0.000202449
0.000189951
0.000168093
0.000149591
0.000116418
0.000109419
0.000103267
5.4492e-05
5.7816e-05
3.9751e-05
3.24848e-05
1.53147e-05
9.19326e-06
4.48815e-06
5.4666e-06
5.54773e-06
1.76302e-06
1.73725e-06
1.02889e-06
1.39125e-06
3.53278e-07
2.4061e-07
1.70053e-07
4.30453e-07
3.12264e-07
3.97609e-07
1.30672e-07
4.45889e-08
1.13798e-08
3.09356e-08
2.91372e-08
9.16946e-09
5.82272e-09
