1.12278e-05
0.000652477
0.00178231
0.00184339
0.00249707
0.00514982
0.00547209
0.00316231
0.00346466
0.0111841
0.0132559
0.015674
0.0147566
0.0158448
0.0157809
0.016426
0.0178986
0.0197104
0.0210223
0.0218703
0.0226397
0.0236628
0.0243036
0.0246897
0.0246545
0.0252346
0.0247945
0.0249664
0.025305
0.0249977
0.0243448
0.0234712
0.0218872
0.0210007
0.0193171
0.0182998
0.017427
0.0167827
0.0157549
0.0151336
0.0151759
0.0158034
0.0172147
0.0192872
0.0221599
0.0247269
0.0279801
0.0297608
0.0307069
0.0292888
0.0263047
0.0228073
0.0188919
0.0140895
0.0111507
0.00812923
0.00560071
0.00393315
0.00264673
0.00191904
0.00134062
0.00100401
0.000734838
0.000569775
0.000474623
0.000333981
0.000244263
0.00020771
0.000185428
0.000172556
0.000155395
0.000149036
0.000148084
8.48455e-05
0.000117079
8.20733e-05
8.99961e-05
9.22985e-05
2.54117e-05
8.03963e-06
2.79086e-06
3.37108e-06
4.21572e-05
1.08945e-06
1.00176e-05
4.54709e-06
2.73335e-06
3.81257e-07
2.94228e-07
2.10851e-07
8.22917e-07
4.24377e-07
4.30906e-06
1.07479e-06
8.49522e-07
9.42826e-09
2.89784e-07
1.5004e-07
1.36055e-09
1.12e-08
