1.23602e-05
0.000687801
0.00179044
0.00194054
0.00294914
0.00529402
0.00626501
0.00329377
0.00375307
0.0125719
0.0132139
0.0155511
0.0149577
0.0157713
0.0159578
0.0166707
0.0180249
0.0195043
0.0210788
0.0217757
0.0226809
0.0232904
0.0242152
0.0241065
0.0246853
0.0252293
0.024752
0.024963
0.0252117
0.0249209
0.0245468
0.0232901
0.0218091
0.0209286
0.0192174
0.0180248
0.0173214
0.0167574
0.0156182
0.0150122
0.0150797
0.0156839
0.0171217
0.0193373
0.0219579
0.0248846
0.0280007
0.0297886
0.0304916
0.0289671
0.0264293
0.0223783
0.0188918
0.0138582
0.0110913
0.00799167
0.00561075
0.0038992
0.00262497
0.00191715
0.00132533
0.00100609
0.000740251
0.00058373
0.000479861
0.000331776
0.000253672
0.000218926
0.000197747
0.000171463
0.000160251
0.000159462
0.000142578
8.29024e-05
0.000107397
7.96505e-05
8.5301e-05
0.000104085
2.47341e-05
8.33142e-06
2.44117e-06
3.57671e-06
2.5394e-05
1.06359e-06
2.09585e-05
3.98824e-06
3.32051e-06
4.3524e-07
2.80311e-07
2.33566e-07
7.80253e-06
2.38025e-06
1.15089e-05
1.14824e-06
4.53791e-07
9.43813e-09
3.48287e-07
2.00369e-07
1.33065e-09
8.87091e-09
