4.65739e-06
0.00097273
0.00124296
0.00168018
0.00183458
0.0018416
0.00249543
0.00372905
0.00278992
0.0082015
0.0101961
0.0127158
0.0144527
0.0142335
0.0137344
0.0156523
0.0172819
0.0189516
0.0202803
0.0211174
0.0228704
0.0236633
0.0242774
0.0254374
0.0255378
0.026065
0.0261087
0.0260301
0.0262464
0.0256163
0.025443
0.0243701
0.0229925
0.0219161
0.0202404
0.0188079
0.0182783
0.0175558
0.0164469
0.0158061
0.0157711
0.0166042
0.017963
0.020136
0.0229113
0.0254371
0.0285477
0.0302384
0.0315751
0.0302644
0.0258769
0.0226218
0.0193967
0.0153385
0.0112878
0.00802036
0.00584748
0.00409174
0.00283003
0.00197354
0.00140242
0.00103773
0.000787785
0.000596428
0.0004775
0.000299502
0.000248143
0.000209084
0.000191832
0.000120676
0.000163005
9.47059e-05
0.000124045
0.000111306
6.08064e-05
6.64962e-05
5.24779e-05
3.78631e-05
2.17976e-05
1.35431e-05
6.88172e-06
2.35522e-06
9.16907e-06
2.77282e-06
2.73213e-06
1.6104e-06
2.04346e-06
5.32719e-07
3.75737e-07
2.6258e-07
7.29296e-07
4.40372e-07
5.61249e-07
2.75979e-07
7.10212e-08
1.68054e-08
5.29694e-08
4.9942e-08
1.34717e-08
6.01138e-09
