3.17687e-05
0.00456481
0.00536272
0.00627644
0.00614088
0.00915201
0.00888858
0.0109949
0.00669886
0.0167601
0.0200821
0.0215649
0.0206106
0.0189043
0.0178468
0.0180866
0.0187588
0.0199381
0.0206095
0.0211979
0.021665
0.0224706
0.0226623
0.0229065
0.0230564
0.0229985
0.0230338
0.022984
0.0231611
0.0228891
0.0222595
0.0212141
0.0201198
0.0189041
0.017656
0.0166198
0.0157574
0.015226
0.0143593
0.013726
0.0137771
0.0145242
0.0156147
0.0175894
0.019837
0.0227884
0.0255674
0.0271128
0.0277643
0.0265031
0.024171
0.0208581
0.0171861
0.0136959
0.0104175
0.00740174
0.00522714
0.00359654
0.00250347
0.00174723
0.00124943
0.000915961
0.000696499
0.000535442
0.000430045
0.000306893
0.000225475
0.000193306
0.000171576
0.000157938
0.000148402
0.000141789
0.000134028
0.000131443
9.94278e-05
8.62147e-05
8.22368e-05
7.55311e-05
5.06088e-05
3.56335e-05
2.02434e-05
2.35862e-05
2.18173e-05
8.75526e-06
8.89036e-06
5.10157e-06
8.58499e-06
1.90832e-06
1.34382e-06
9.3288e-07
2.77651e-06
1.54001e-06
1.8068e-06
9.19345e-07
2.8684e-07
6.33465e-08
2.65579e-07
1.94456e-07
4.35034e-08
2.64069e-08
