4.62137e-06
0.000997537
0.00123391
0.00139977
0.00219482
0.00205341
0.00258048
0.00359222
0.00246731
0.00752855
0.00961067
0.0139944
0.0145754
0.0142386
0.0135444
0.0163487
0.0170991
0.0188725
0.0209621
0.0213496
0.0224166
0.0235609
0.0246879
0.0254388
0.0260624
0.0255515
0.0264685
0.025578
0.0259316
0.0258259
0.0253498
0.0238967
0.0230574
0.0222198
0.0205508
0.0181555
0.0185168
0.0172088
0.0169386
0.0154571
0.0160632
0.0166376
0.0172669
0.0205789
0.022394
0.0248022
0.0287889
0.0298108
0.0322314
0.0294654
0.0262419
0.023368
0.0195699
0.0154347
0.0111933
0.00794581
0.00577383
0.0039601
0.0028286
0.00197953
0.00136993
0.0010262
0.000779695
0.000587974
0.000468319
0.000285105
0.000245935
0.000193785
0.000188047
0.000128758
0.000191715
8.59825e-05
0.000154303
0.000126857
7.79252e-05
7.72751e-05
5.88661e-05
2.89067e-05
1.9976e-05
1.32978e-05
7.9873e-06
2.37374e-06
1.10489e-05
2.66575e-06
2.73913e-06
1.10762e-06
1.36131e-06
6.02364e-07
3.02053e-07
3.91001e-07
5.7785e-07
1.7628e-06
5.32713e-07
6.37785e-07
1.26028e-07
2.21927e-08
1.2897e-07
3.70979e-08
4.22519e-08
4.76306e-09
