1.02986e-05
0.000440887
0.00235185
0.00168267
0.00237058
0.00305376
0.004641
0.00245784
0.00320483
0.00927649
0.0123848
0.0154588
0.0170802
0.0139955
0.0161825
0.0166323
0.0200653
0.0198963
0.0217256
0.0217681
0.02218
0.0230254
0.0238968
0.026195
0.0267296
0.0239993
0.0251006
0.0241086
0.0257827
0.0238169
0.0246109
0.0232448
0.0238497
0.0212283
0.0191528
0.0183603
0.0171852
0.0164029
0.0157198
0.0156523
0.0164447
0.0162443
0.0170485
0.0200108
0.0214639
0.0261858
0.0266943
0.0289636
0.0292817
0.0298054
0.0247706
0.0258539
0.0200529
0.0131225
0.0124869
0.00751634
0.00503644
0.00324632
0.00254422
0.00197157
0.00132273
0.00108232
0.000762034
0.000582164
0.000462998
0.000381901
0.000282412
0.00020841
0.00015213
0.000205517
9.74435e-05
0.000138391
0.000274497
5.62114e-05
6.10611e-05
8.18266e-05
3.65688e-05
4.89748e-05
4.90739e-05
1.6334e-05
2.88691e-06
3.17266e-06
1.87195e-05
9.38025e-07
3.94463e-06
0
0
6.80366e-07
0
1.58988e-07
0
0
0
0
0
1.87998e-08
2.18505e-08
0
2.38616e-09
0
