1.28831e-05
0.000395851
0.00110171
0.00206913
0.00296129
0.0128747
0.00471044
0.00249462
0.00405347
0.00956014
0.0191452
0.0201156
0.0169436
0.0229465
0.016214
0.0149451
0.0150886
0.0184161
0.0190823
0.0175091
0.0203679
0.0208531
0.0263656
0.0240735
0.0260364
0.0274258
0.0220375
0.0244436
0.0235596
0.026998
0.0256818
0.0244799
0.0179075
0.0200929
0.0178555
0.0181746
0.0176295
0.0162081
0.0185901
0.0136334
0.0140455
0.0140194
0.0147055
0.0195785
0.0245953
0.0205957
0.0254693
0.0339196
0.03226
0.0290266
0.0214668
0.0250374
0.0210897
0.0108757
0.0142336
0.00693687
0.00591968
0.00325389
0.00266535
0.002068
0.00104695
0.000890211
0.00055621
0.000437141
0.000341399
0.000381652
0.000170093
0.000132086
0.000158365
0.000101622
0.000593409
7.77943e-05
8.57245e-05
5.70525e-05
0.000114415
0
0
1.1471e-05
0
1.53032e-05
5.07134e-06
3.34398e-06
0
2.85618e-06
0
0
7.5629e-07
0
0
1.86192e-07
0
0
0
0
0
8.80668e-09
0
0
1.67668e-09
0
