5.71119e-06
0.000745896
0.00112842
0.0013385
0.00128668
0.0023905
0.00235336
0.00264142
0.00219647
0.00634279
0.00938162
0.0127624
0.0138166
0.0129843
0.0141401
0.0154009
0.0172362
0.0194824
0.0210487
0.0221958
0.0227757
0.0239283
0.0246452
0.0253581
0.0258393
0.0255889
0.0260276
0.0265266
0.0261894
0.0261892
0.0252443
0.0240366
0.0230012
0.0218611
0.02014
0.0192091
0.0183093
0.0173081
0.0165057
0.0156126
0.0157267
0.0163932
0.0179755
0.0197783
0.0228274
0.0259357
0.0294273
0.0312396
0.0315419
0.029864
0.0274169
0.0232961
0.0192963
0.0153863
0.0115999
0.00836116
0.00576063
0.00395825
0.0028115
0.00199458
0.00137553
0.00102612
0.000815144
0.000582723
0.000456836
0.000344652
0.000245293
0.000184137
0.000185204
0.000172474
0.000138383
0.000137287
0.000113526
0.000138974
8.00443e-05
8.34288e-05
5.36902e-05
3.77122e-05
2.18334e-05
7.81159e-06
5.55754e-06
4.12626e-06
1.43145e-05
1.65775e-06
1.86822e-06
2.73493e-06
7.36137e-07
2.88147e-07
2.58018e-07
1.16248e-07
1.13717e-07
7.50841e-08
8.28195e-07
1.72443e-07
9.79661e-08
8.07071e-09
6.1694e-08
7.69001e-08
7.50719e-09
4.93666e-09
