1.12645e-05
0.00065438
0.00173071
0.00189264
0.00298744
0.00521397
0.00572905
0.00324916
0.00376953
0.0122721
0.0140449
0.0155497
0.0148264
0.0160225
0.0156215
0.0164027
0.0180445
0.019588
0.0209772
0.0218691
0.0226347
0.0234555
0.0241964
0.0245576
0.0245357
0.0249887
0.0247896
0.025085
0.0251288
0.0250479
0.0244123
0.0233572
0.0220821
0.0207729
0.0193868
0.0181438
0.0175114
0.0165829
0.0157409
0.0151443
0.0152407
0.0157379
0.0171344
0.0190707
0.0217167
0.024731
0.0278519
0.029944
0.0306291
0.029213
0.0259945
0.0226962
0.0186259
0.0140667
0.010925
0.00806035
0.0055878
0.00390987
0.00262339
0.00187523
0.00133666
0.00101514
0.000730803
0.000578462
0.000468642
0.000335741
0.000247845
0.00021836
0.000185875
0.000161796
0.000161602
0.000150101
0.000159834
7.80425e-05
0.000119369
8.51723e-05
9.53476e-05
0.000102055
2.41173e-05
7.87383e-06
2.47573e-06
3.19656e-06
3.84033e-05
1.00347e-06
2.17485e-05
4.7049e-06
4.59422e-06
4.07366e-07
3.13501e-07
2.39337e-07
3.92564e-06
2.39512e-06
5.30787e-06
1.5887e-06
6.27862e-07
9.50391e-09
3.8551e-07
2.77228e-07
1.47544e-09
1.18646e-08
