5.98231e-06
0.000894849
0.00108653
0.00124858
0.00140339
0.00224377
0.00251632
0.00331024
0.00224003
0.00715261
0.0091807
0.0128742
0.0135856
0.013687
0.0144624
0.0156688
0.0176033
0.0195902
0.020916
0.0218219
0.0227466
0.0240675
0.0247131
0.0256078
0.0257454
0.0258212
0.0259435
0.0258284
0.0261286
0.0260233
0.0255107
0.0241814
0.0231332
0.0216919
0.0202611
0.0188818
0.0182795
0.0175365
0.0162877
0.0155746
0.0158749
0.0165724
0.0178234
0.0202478
0.0231846
0.0260742
0.0293936
0.030062
0.0314762
0.0301484
0.0261492
0.0232751
0.0192688
0.0149288
0.0114063
0.00811464
0.0056809
0.00401762
0.00278146
0.00196382
0.00140711
0.000995035
0.000787592
0.000596126
0.000463107
0.000336367
0.00024556
0.000204785
0.000181995
0.000177742
0.000146634
0.00011319
0.000102665
0.000100406
5.31594e-05
6.1653e-05
4.60149e-05
3.30901e-05
1.46939e-05
8.70035e-06
4.48629e-06
5.68886e-06
5.67061e-06
1.67997e-06
1.73901e-06
1.05406e-06
1.4934e-06
3.50098e-07
2.58875e-07
1.73747e-07
4.15684e-07
3.15728e-07
5.19468e-07
1.55482e-07
3.60668e-08
1.11935e-08
5.14484e-08
2.10051e-08
1.0022e-08
6.96694e-09
