5.69713e-06
0.000777083
0.00107533
0.00130662
0.00121962
0.00248217
0.0023908
0.00265685
0.00215778
0.00653021
0.0093666
0.0126167
0.0139716
0.0133386
0.0142084
0.0154906
0.0172432
0.0194112
0.0207446
0.0220727
0.0231613
0.0241656
0.0248
0.0253553
0.0257454
0.0257599
0.0259256
0.0262705
0.0261983
0.026125
0.0254393
0.0240902
0.0228831
0.0217667
0.020101
0.0188947
0.0181704
0.0176073
0.0165602
0.0157423
0.015659
0.0161974
0.0178332
0.0200818
0.0227733
0.0259434
0.0296656
0.0307457
0.0317729
0.0299278
0.0271297
0.0233171
0.019426
0.0152679
0.0114959
0.00824324
0.00577977
0.00392237
0.00280574
0.00197334
0.00140558
0.00103811
0.000787698
0.000591679
0.000443732
0.000337159
0.000244519
0.000183388
0.000183411
0.000171913
0.000149704
0.000120445
0.000106135
0.000136008
8.0564e-05
7.86764e-05
4.90696e-05
4.00587e-05
2.19151e-05
8.04694e-06
5.4107e-06
4.25721e-06
1.34306e-05
1.80025e-06
1.84799e-06
2.69024e-06
8.2409e-07
2.94318e-07
2.24519e-07
1.12425e-07
1.00069e-07
7.68344e-08
9.17743e-07
1.6637e-07
1.22349e-07
9.24881e-09
6.9558e-08
9.76226e-08
8.18598e-09
6.7892e-09
