4.99746e-06
0.000552663
0.000991118
0.00122064
0.00123903
0.00193962
0.00227698
0.00261756
0.00200928
0.00591649
0.00859713
0.0115401
0.0124026
0.0134165
0.0143243
0.0153637
0.0172936
0.0192407
0.0208863
0.0221524
0.0232332
0.0243611
0.0250499
0.025685
0.0260253
0.0260195
0.0261915
0.0262642
0.02645
0.0260581
0.0256298
0.0244274
0.0232273
0.0218685
0.0204084
0.0192613
0.0183346
0.0175359
0.0165191
0.0158692
0.0159874
0.016741
0.0179572
0.020124
0.023022
0.0262982
0.0295404
0.0311119
0.0312894
0.0301055
0.0267402
0.0232672
0.0193385
0.0152827
0.0116746
0.0082455
0.0058706
0.00408086
0.00280728
0.0019741
0.00140178
0.00102694
0.000783826
0.000588688
0.00046509
0.000338426
0.000245258
0.000215607
0.000176187
0.000162367
0.000142389
0.000112361
0.000117891
0.000106852
6.45941e-05
4.47797e-05
5.43612e-05
3.5503e-05
1.77528e-05
1.45683e-05
3.58824e-06
3.14015e-06
4.95302e-06
2.45431e-06
1.6934e-06
7.25375e-07
1.36884e-06
6.5794e-07
1.73939e-07
1.67196e-07
4.73373e-07
2.62849e-07
4.58979e-07
1.9156e-07
9.35385e-08
8.04829e-09
3.0747e-07
2.85615e-07
3.27096e-08
6.30058e-09
