5.97791e-06
0.000440132
0.00126198
0.00220201
0.00180138
0.00251407
0.00272988
0.00566734
0.00318644
0.00700138
0.0102503
0.0133887
0.0138948
0.0141274
0.0147423
0.0154389
0.0176044
0.0192331
0.0211249
0.0215215
0.0232716
0.0241025
0.0245925
0.0251658
0.0252831
0.025478
0.0259596
0.0257721
0.0260476
0.0257375
0.0250281
0.023818
0.0222766
0.0215092
0.0199325
0.0190214
0.0181133
0.0172057
0.0158689
0.0150241
0.015327
0.0163047
0.0177533
0.0198678
0.022571
0.0253804
0.0293389
0.0303886
0.0310243
0.030247
0.0269305
0.0235726
0.0181149
0.0148066
0.0115287
0.00826949
0.00587972
0.00398206
0.00270803
0.00196666
0.00138137
0.0010368
0.000772373
0.000611297
0.00047146
0.000324621
0.000254671
0.000188583
0.000176116
0.00015547
0.000114202
0.000125862
8.34501e-05
5.07047e-05
0.000122543
8.77325e-05
0.000111383
0.000104026
1.45893e-05
5.25324e-06
3.43682e-06
2.61529e-05
0.000118505
9.37392e-05
4.51978e-07
3.49541e-07
7.72217e-05
7.32208e-05
2.57357e-06
3.42205e-05
1.75603e-05
3.21417e-05
7.83319e-08
1.1629e-05
6.89374e-06
5.13185e-09
3.1354e-07
1.08227e-07
1.54079e-06
5.53162e-09
