4.70671e-06
0.000652936
0.000835995
0.00142625
0.0017044
0.00193605
0.00230253
0.00277949
0.00235477
0.00905649
0.0104052
0.0119932
0.0156784
0.0152186
0.0154264
0.0149027
0.017645
0.0194356
0.0204837
0.0218697
0.0231385
0.0239714
0.0245682
0.025208
0.0256634
0.0256939
0.0257039
0.0257199
0.0257477
0.0256152
0.02503
0.0240256
0.0228148
0.020932
0.0199685
0.0187257
0.0175868
0.0168966
0.0161789
0.0155548
0.0156433
0.0165653
0.0178295
0.0197922
0.0227162
0.025972
0.0291774
0.0305778
0.0306755
0.0300277
0.0271063
0.0235983
0.0194489
0.0150274
0.011405
0.00788456
0.0058848
0.00393126
0.00271114
0.00196091
0.00141396
0.00103026
0.000775372
0.000609217
0.000455884
0.000317304
0.000249327
0.000188939
0.000195194
0.000143098
0.000133718
9.6629e-05
0.000165184
9.80712e-05
0.00013762
0.000102517
2.4055e-05
9.02887e-05
2.98085e-05
5.35969e-06
0.000112358
0.000105283
0.00012691
1.62411e-06
8.72667e-05
7.09913e-05
4.33899e-07
2.75866e-07
0.000134441
0.00016707
0.000102879
4.64953e-07
0
2.27098e-05
1.34626e-05
2.52952e-09
2.70134e-07
0
5.01494e-07
5.80822e-09
