5.75884e-06
0.000269188
0.000372487
0.0010802
0.000769289
0.00197706
0.00162783
0.00307545
0.00226385
0.00595439
0.00804451
0.0131658
0.0139115
0.0157122
0.0145172
0.0146553
0.0172491
0.0182083
0.0205313
0.0210418
0.0223042
0.0234985
0.0245557
0.0248587
0.0255573
0.0261692
0.0262943
0.0265597
0.0263026
0.0262917
0.0258571
0.0242526
0.0233569
0.0219252
0.0203388
0.0191041
0.0184569
0.0166458
0.0167732
0.0156236
0.0162989
0.0169908
0.0183152
0.0195594
0.0231256
0.02584
0.0300904
0.0304907
0.0325868
0.0313305
0.0265616
0.0229035
0.0194903
0.0154377
0.011855
0.00848019
0.00601525
0.0039727
0.00283085
0.00192132
0.0014297
0.00104171
0.000749629
0.000626065
0.000495409
0.000356418
0.000236846
0.000229635
0.000193565
0.00018495
0.0001787
9.35555e-05
0.000124332
0.000156663
0.000124361
6.41662e-05
1.38267e-05
0.000125262
0.000111569
3.34179e-06
3.9417e-06
0.000144385
3.66004e-05
5.44513e-07
7.4017e-07
1.89539e-06
2.26444e-07
1.9211e-07
1.59125e-07
6.59707e-08
0
1.45985e-05
6.12729e-08
0
2.9354e-07
5.39494e-09
3.56019e-07
5.94629e-08
3.49908e-07
7.39596e-09
