1.54057e-05
0.00265633
0.00228937
0.00467086
0.00398448
0.00639569
0.00881066
0.00687796
0.00432054
0.0145121
0.0189592
0.0213041
0.0200398
0.018103
0.0178704
0.0179486
0.0190753
0.0199629
0.0211387
0.021461
0.0221982
0.0227698
0.0233528
0.0236047
0.0238028
0.0237251
0.0237495
0.0236915
0.0239918
0.0234891
0.0228556
0.0218569
0.0208785
0.0195199
0.0181659
0.0171228
0.0162697
0.0156753
0.0147389
0.0141026
0.0142471
0.014844
0.0161366
0.0179565
0.0205719
0.0235412
0.0265346
0.028155
0.0288575
0.0272142
0.0246627
0.0213108
0.0174512
0.0140585
0.0106943
0.00757159
0.00538306
0.00371559
0.00257589
0.00180185
0.0013054
0.000955113
0.000719669
0.000560436
0.00044605
0.000314993
0.000226636
0.0002026
0.00017657
0.000162948
0.000153651
0.000146976
0.000109704
9.91727e-05
0.000121268
9.99686e-05
0.000104036
0.000100554
0.000109431
0.000116873
1.95943e-05
9.3211e-06
6.56216e-06
9.86203e-05
3.38064e-05
7.86315e-05
7.4163e-05
6.89417e-05
5.1051e-07
4.56459e-05
1.08524e-06
5.7164e-05
1.72749e-05
3.70426e-08
3.50301e-07
5.39748e-06
1.14061e-06
3.60904e-06
4.11044e-06
2.54599e-08
