0.00264672
0.0543974
0.0465625
0.0363434
0.0233919
0.0221484
0.0182302
0.0182228
0.00887243
0.0205912
0.021176
0.021355
0.0191181
0.0167333
0.0153997
0.0151072
0.0154212
0.01614
0.0166564
0.0169852
0.0173158
0.0177034
0.0180165
0.0181699
0.0181874
0.0181913
0.0181846
0.0181029
0.018226
0.017889
0.0174723
0.0167155
0.0158492
0.0148474
0.0138458
0.0130273
0.0123878
0.0119333
0.0112593
0.0107239
0.0108443
0.0113469
0.0122893
0.013718
0.0156552
0.0179538
0.0202824
0.0213653
0.0218951
0.020909
0.0191006
0.0165192
0.0135974
0.0107248
0.00814759
0.00588074
0.00414042
0.00284319
0.0019632
0.00137947
0.000989923
0.000726453
0.000549748
0.000428554
0.000344114
0.000244448
0.000178636
0.000153824
0.00013718
0.000126892
0.000118427
0.000115115
0.000112027
0.000112583
9.05473e-05
7.7779e-05
7.88438e-05
7.92091e-05
8.36654e-05
8.31386e-05
8.6796e-05
9.35693e-05
8.87726e-05
6.70778e-05
5.65935e-05
5.79058e-05
6.79e-05
6.41986e-05
5.6724e-05
6.50083e-05
4.86862e-05
6.86917e-05
3.01942e-05
2.65097e-05
0.000117864
6.91833e-05
0
0
0
0
