9.98768e-06
0.00100051
0.00139296
0.0018027
0.00281502
0.00466119
0.00333118
0.00362011
0.00351005
0.0120249
0.0129237
0.0165754
0.0172236
0.016835
0.0165399
0.0174008
0.0185118
0.0200508
0.0212141
0.0220605
0.0228192
0.0236736
0.0243475
0.0246855
0.0246569
0.0249128
0.0250036
0.0251145
0.0250612
0.0247171
0.0242372
0.0229384
0.0219269
0.0205246
0.019254
0.0180247
0.0171086
0.0165819
0.0154969
0.0148519
0.0150756
0.0156871
0.0170302
0.0190346
0.0217714
0.024721
0.0282484
0.0295696
0.0298878
0.0286533
0.0259109
0.0224938
0.0185791
0.0145895
0.0109802
0.00808096
0.00567068
0.00386163
0.00266124
0.00189917
0.00135883
0.000973114
0.000743173
0.000583664
0.000455073
0.000327304
0.000239396
0.000205622
0.000187261
0.000171876
0.000133172
9.47323e-05
0.000110063
0.000113126
0.000119483
9.12541e-05
4.11833e-05
9.18863e-05
1.84313e-05
2.5658e-05
5.44806e-06
4.02966e-05
5.02926e-06
1.79557e-06
1.10901e-06
1.11031e-06
2.63065e-06
7.99887e-07
1.60691e-06
3.35614e-07
2.3201e-06
2.3445e-06
1.56359e-06
1.2154e-06
3.65154e-08
2.6581e-08
2.35238e-07
6.06481e-09
6.46069e-09
1.17402e-08
