9.86402e-06
0.000838657
0.00163333
0.00209594
0.00277109
0.00341419
0.00358681
0.00629559
0.00411943
0.0101739
0.0146295
0.0176725
0.0167528
0.0160828
0.0164668
0.0170886
0.0188555
0.0201356
0.0214493
0.0222161
0.0229571
0.0237469
0.024127
0.0245347
0.0247407
0.0247024
0.0249164
0.0248057
0.025121
0.0246618
0.0241204
0.0228218
0.0219437
0.0205081
0.0191024
0.0180856
0.0171713
0.0164663
0.0155589
0.0148689
0.0151002
0.0157624
0.0170173
0.0189388
0.0216264
0.0245306
0.0278146
0.0290227
0.0295484
0.0286655
0.0255764
0.0223356
0.0186225
0.0147002
0.0111203
0.00795923
0.00568135
0.00386567
0.00268588
0.00189051
0.00135191
0.000956794
0.000750384
0.000578326
0.000431835
0.000326753
0.000243845
0.000204602
0.000175851
0.000160653
0.000140276
0.00012133
9.98047e-05
0.000155478
5.58538e-05
9.81016e-05
7.14915e-05
8.70012e-05
2.04903e-05
9.2046e-06
1.17564e-05
1.5613e-05
8.49289e-06
2.46832e-06
7.97209e-05
3.66391e-06
1.57913e-06
8.98781e-07
6.21386e-07
2.0756e-06
4.13549e-07
4.64765e-05
2.80902e-05
1.68153e-05
2.49207e-05
2.45023e-08
7.39198e-07
1.95619e-06
6.00205e-09
1.34741e-08
