0.00257648
0.0565912
0.0485642
0.0365693
0.0231972
0.0219514
0.0183221
0.0177674
0.00874626
0.0208405
0.021186
0.0212038
0.0189441
0.0166747
0.015349
0.0149914
0.0153866
0.0160237
0.0165709
0.0169244
0.0172427
0.0176215
0.0179221
0.018054
0.018078
0.0180932
0.0180873
0.0180125
0.0181318
0.0177949
0.0173952
0.0166476
0.0157859
0.0147722
0.0137716
0.0129646
0.0123214
0.011888
0.0112107
0.0106699
0.0108067
0.0112723
0.0122252
0.0136545
0.0155638
0.0178981
0.020222
0.02127
0.0217885
0.0207803
0.0190376
0.0164523
0.0134978
0.0106776
0.00810665
0.00585107
0.00411781
0.00282985
0.00195596
0.00137208
0.000985483
0.00072142
0.000546561
0.000426981
0.00034189
0.00024272
0.000177306
0.000153161
0.000137217
0.000125523
0.000118108
0.000115466
0.000109563
0.000111927
8.87283e-05
7.64264e-05
7.86527e-05
7.8676e-05
8.14058e-05
8.37544e-05
8.74445e-05
9.30316e-05
8.76855e-05
6.72654e-05
5.67819e-05
6.24032e-05
5.66027e-05
6.33928e-05
5.99283e-05
5.54006e-05
4.99535e-05
4.26689e-05
2.86543e-05
3.4306e-05
9.1516e-05
3.58119e-05
0
0
0
0
