7.67666e-06
0.000979805
0.00126888
0.00183084
0.00210033
0.0033029
0.00327583
0.00490953
0.00313085
0.00917608
0.0130623
0.0154531
0.0161263
0.0161117
0.0164658
0.0173429
0.0186824
0.0203082
0.021502
0.022337
0.0230959
0.0237889
0.0245128
0.0248566
0.025069
0.0251033
0.0250848
0.0250704
0.025268
0.0249214
0.024382
0.0233114
0.0220126
0.0207538
0.0194058
0.0182758
0.0173382
0.0166949
0.0157595
0.015034
0.0151624
0.0158501
0.0172734
0.0191879
0.0219462
0.0250512
0.0282503
0.029537
0.0300865
0.028977
0.0262273
0.0225499
0.0186021
0.0146882
0.011169
0.00802438
0.00567289
0.00390704
0.00269916
0.00189855
0.0013635
0.000997572
0.000753169
0.000585802
0.000449587
0.000329202
0.000243151
0.000206878
0.000180903
0.000170503
0.00015312
0.000110589
0.000132283
9.83098e-05
8.79113e-05
6.00025e-05
5.88281e-05
4.35397e-05
3.8452e-05
2.00249e-05
8.54734e-06
7.12212e-06
9.01402e-06
4.16307e-06
2.1786e-06
1.49461e-06
2.74228e-06
7.45148e-07
3.71287e-07
1.48528e-06
8.18397e-07
1.04579e-06
1.74977e-06
5.09106e-07
6.25894e-08
3.63181e-08
6.51028e-08
7.15535e-07
1.6398e-08
9.9305e-09
