4.11592e-06
0.0011421
0.000718895
0.000964553
0.00110195
0.00269132
0.00277062
0.00174791
0.00229017
0.00686551
0.00829216
0.0118018
0.0126555
0.0135896
0.0139756
0.0154912
0.0174536
0.0195035
0.021332
0.0222261
0.0231427
0.0243972
0.024913
0.0255283
0.0260035
0.0261792
0.0263765
0.0260102
0.0265124
0.0261939
0.0252626
0.0240943
0.0230946
0.0216691
0.0202884
0.0190431
0.0182805
0.0174411
0.0166584
0.0158605
0.0159063
0.0166021
0.0178162
0.0204729
0.0232221
0.0262447
0.0291395
0.0314702
0.0306367
0.031081
0.0268118
0.0222068
0.019596
0.0150001
0.0115322
0.00811513
0.00525474
0.00410956
0.00275281
0.00191099
0.00143152
0.00099702
0.000771499
0.000526081
0.00046137
0.000341076
0.000251274
0.000202112
0.000189264
0.000179011
9.18552e-05
0.000101819
5.33803e-05
0.000159323
9.87367e-05
5.63353e-05
7.73519e-05
0.000117704
1.22121e-05
1.81718e-05
3.40801e-06
1.77003e-06
0.000125388
6.27241e-07
6.13676e-05
1.38682e-06
7.07835e-05
1.10753e-07
1.13839e-06
3.83379e-05
5.90194e-05
3.6009e-05
4.83638e-06
4.34272e-06
9.654e-07
2.26667e-06
4.39082e-07
1.01041e-06
3.45236e-07
5.40533e-09
