7.69655e-06
0.0546124
0.0067553
0.0122779
0.00950106
0.00883689
0.00915299
0.0118677
0.00529569
0.0134038
0.0144809
0.0126145
0.0122878
0.0134808
0.0180761
0.01746
0.0179068
0.0183917
0.0200033
0.0203388
0.0201675
0.0217987
0.021594
0.0220038
0.0221763
0.0223612
0.0223802
0.0206828
0.0184313
0.0223814
0.0213316
0.0206324
0.0165765
0.0170617
0.0176487
0.0164282
0.0159113
0.0147187
0.0141033
0.0131776
0.0120055
0.0144252
0.0154304
0.0167558
0.0200654
0.0224586
0.0266375
0.0268321
0.02807
0.0270772
0.0243667
0.0208037
0.0165927
0.0134754
0.0100565
0.00728479
0.00530194
0.00364578
0.0025268
0.00170953
0.00124443
0.000895398
0.00034544
0.000556143
0.000337233
0.000306481
0.000229419
0.00018878
0.000168064
0.000139271
0.000148312
0.000124221
0.000135939
0.000138089
0.000114383
9.52838e-05
7.87785e-05
9.891e-05
0.000176196
8.79691e-05
0.000155478
6.15124e-05
0.000201632
0.000131348
0
0
0
0
8.8849e-09
0
0
0
0
0
0
4.04996e-07
0
1.35401e-07
0
6.20867e-09
