5.19419e-06
0.000422599
0.000539198
0.000867471
0.00145712
0.00212344
0.00216187
0.00307883
0.00226075
0.00710934
0.00817281
0.0103953
0.0121948
0.0132636
0.014034
0.0147132
0.0173814
0.0192496
0.0207754
0.0219002
0.0228287
0.0238796
0.0248722
0.0255662
0.0260956
0.0261948
0.0257614
0.0263224
0.0264561
0.0263626
0.0253533
0.0243629
0.0233401
0.0217973
0.0204439
0.0191692
0.018437
0.0173465
0.0167373
0.0156105
0.01602
0.016935
0.0181366
0.020428
0.0233697
0.0262328
0.0300743
0.0309374
0.0319005
0.0307686
0.02666
0.02376
0.0198514
0.0146498
0.0116247
0.00823914
0.00588585
0.00407174
0.00286383
0.00189881
0.00142946
0.000997249
0.000791911
0.000536837
0.000477028
0.000355381
0.000258729
0.000200782
0.000187291
0.000181183
0.000173496
0.000110786
0.000130978
0.000136065
9.10017e-05
0.000102389
5.20651e-05
2.62729e-05
1.63921e-05
0.000100679
7.92908e-06
6.51551e-06
1.71464e-06
1.0062e-06
1.8638e-06
1.89345e-06
7.55669e-05
4.84645e-07
5.32288e-05
1.30041e-07
2.6185e-05
0.000111833
2.57981e-07
2.06435e-07
8.47555e-08
9.04827e-09
9.09098e-07
1.17675e-06
8.93493e-07
7.16043e-09
