5.82562e-06
0.000662207
0.00183808
0.00114813
0.00156659
0.00297622
0.00466527
0.00286072
0.00148365
0.0102012
0.0127479
0.0132591
0.0118968
0.012904
0.0131329
0.0152831
0.0159515
0.0196403
0.0212248
0.0221422
0.0232081
0.0237447
0.0248685
0.0255414
0.0255099
0.02556
0.0263258
0.0256514
0.0263419
0.0259499
0.0249273
0.0242208
0.022869
0.0216137
0.0202845
0.0186812
0.0178597
0.0173301
0.0162622
0.0155445
0.0157876
0.0163024
0.0178999
0.0198807
0.0224608
0.0247401
0.0297788
0.0300221
0.031783
0.0299595
0.0272425
0.0226221
0.018268
0.014968
0.0116212
0.00823595
0.00552213
0.00406935
0.0028276
0.00188965
0.0013254
0.00103531
0.000787792
0.000557484
0.000398575
0.00032159
0.000257692
0.00021732
0.000196579
0.000163693
0.000103906
0.000158312
8.23256e-05
0.000158501
0.000127372
2.6802e-05
3.98272e-05
2.56472e-05
0.000128881
3.21732e-06
1.74554e-06
2.6143e-06
1.58358e-06
1.12709e-06
7.26881e-07
5.68094e-05
8.93064e-07
4.73737e-07
1.6488e-07
1.93115e-05
4.60025e-08
7.25536e-06
5.26213e-06
1.575e-05
2.22304e-07
2.74023e-06
4.54985e-07
5.91051e-08
2.60852e-07
6.75996e-09
