0.0026881
0.0537111
0.0504114
0.0367118
0.0233261
0.0219329
0.018249
0.0180705
0.0088317
0.0207177
0.0212431
0.0210059
0.0189932
0.0166192
0.0153856
0.0149994
0.0154048
0.0160755
0.0166012
0.0169135
0.0172563
0.0176506
0.0179448
0.0180799
0.0181155
0.0181272
0.0181263
0.0180364
0.0181678
0.0178306
0.0174139
0.0166302
0.0158264
0.0147654
0.0137944
0.0129734
0.0123532
0.0118888
0.0112179
0.0106771
0.0107774
0.0112824
0.0122396
0.0136682
0.0155904
0.0178598
0.0202571
0.0213079
0.0217501
0.020818
0.0190614
0.0164246
0.0135042
0.0106727
0.00812001
0.00584289
0.00412981
0.00282645
0.00195797
0.00137247
0.000986129
0.000724281
0.000546176
0.000428147
0.000342476
0.000243402
0.00017653
0.000153304
0.000138166
0.0001255
0.000117637
0.000114254
0.000111138
0.000110964
8.98655e-05
7.79831e-05
7.93278e-05
7.89401e-05
8.37007e-05
8.29224e-05
8.95729e-05
9.00689e-05
9.05189e-05
7.37565e-05
6.48361e-05
6.10903e-05
7.12964e-05
6.56258e-05
4.68935e-05
5.3958e-05
5.98073e-05
3.64898e-05
2.75678e-05
1.80029e-05
3.91316e-05
6.8908e-05
0
0
0
0
