4.2313e-06
0.00037755
0.000868175
0.00104693
0.000902483
0.00222135
0.00273397
0.00307186
0.00179109
0.00689548
0.00857594
0.0109912
0.0136574
0.0135697
0.0143292
0.0146979
0.0176288
0.0201295
0.0211323
0.0224629
0.0232305
0.0245387
0.0254615
0.0256647
0.0263393
0.0259333
0.0261242
0.0263859
0.0264431
0.0261678
0.0252613
0.0241325
0.0231611
0.0218754
0.0204141
0.0192584
0.018226
0.0176206
0.0163183
0.01571
0.0159792
0.0167416
0.0181088
0.0203076
0.022773
0.0258447
0.0299243
0.0304906
0.0310531
0.0281535
0.0269969
0.0232851
0.0187762
0.0151341
0.0117341
0.00836845
0.00569976
0.00405984
0.00279967
0.00197666
0.00141253
0.00105199
0.00078435
0.000550438
0.000430669
0.000299543
0.000256797
0.000221756
0.000191902
0.00016983
0.000171972
0.000131709
0.000101807
0.000110736
4.80547e-05
2.95141e-05
4.29759e-05
0.000104035
1.1432e-05
5.61625e-05
1.80751e-06
2.01461e-05
8.94819e-07
1.52601e-06
7.05899e-05
1.1321e-06
3.97254e-05
2.57389e-07
2.5698e-06
6.52005e-06
9.63582e-05
4.89919e-06
1.36664e-07
1.06352e-05
0
3.05842e-08
4.77912e-07
1.23724e-06
7.04563e-07
4.13673e-09
