4.37966e-06
0.000438815
0.000648919
0.00107019
0.00140655
0.00182029
0.00300096
0.00321531
0.00196572
0.00643094
0.0096566
0.0109491
0.0135741
0.0139804
0.0148711
0.015718
0.0181266
0.0192081
0.0208644
0.0221669
0.0230424
0.0240139
0.0249633
0.025303
0.0261104
0.0252694
0.0255857
0.0261174
0.026504
0.0260963
0.0254156
0.023655
0.0226003
0.0216933
0.0198699
0.0189968
0.0182143
0.0171968
0.0163865
0.0156796
0.0157528
0.016569
0.017923
0.0199739
0.0228942
0.026618
0.0297196
0.0308407
0.0316554
0.0304989
0.0267483
0.0231929
0.0194529
0.0153593
0.0113235
0.00815581
0.00585773
0.00402029
0.00276112
0.00197323
0.00142598
0.00102651
0.000744386
0.000615113
0.000495212
0.000352655
0.000252751
0.00020868
0.00017554
0.000180234
0.000136605
0.000128207
0.00016002
0.000158094
0.000122249
6.17158e-05
0.000109892
0.000114651
0.000110929
1.07532e-05
1.35886e-05
4.09292e-06
4.86588e-06
3.18488e-06
9.15985e-05
1.23888e-06
5.62346e-05
7.02012e-07
2.85325e-07
1.60474e-07
4.68885e-05
2.28862e-05
3.45807e-05
2.07007e-07
6.13577e-06
3.0348e-09
3.63999e-07
6.02046e-07
2.49341e-07
3.22746e-09
