9.67226e-06
0.00158496
0.00191716
0.00200909
0.00274715
0.0041375
0.00512917
0.0071109
0.00354132
0.0116511
0.0142278
0.0157998
0.0163288
0.0157315
0.0155787
0.0168449
0.0181169
0.0197511
0.0210883
0.0219794
0.022768
0.0233852
0.0241392
0.0245367
0.0247688
0.0246892
0.0248024
0.0246954
0.0249816
0.0247396
0.0239351
0.0231721
0.0216777
0.0205338
0.0191608
0.0182061
0.0172983
0.0165656
0.015642
0.0148992
0.0150304
0.0156199
0.0170681
0.0190504
0.0217658
0.0249702
0.028199
0.0291541
0.0297072
0.0285878
0.0260012
0.022385
0.0184513
0.0145381
0.0111681
0.0080618
0.00561241
0.00389477
0.00269582
0.00188347
0.00134125
0.000989292
0.000734594
0.000588561
0.000469557
0.000337747
0.000239266
0.000197315
0.0001625
0.000160345
0.000148401
0.000136394
0.000125045
0.000117574
6.14769e-05
6.47662e-05
5.15488e-05
8.59939e-05
5.65294e-05
3.2964e-05
8.87203e-06
3.16758e-06
3.07153e-06
4.45501e-06
2.23771e-06
1.45219e-06
9.02812e-07
1.66066e-06
1.95833e-05
2.6394e-07
4.91199e-05
9.98971e-07
4.07547e-05
3.5103e-07
2.8925e-05
1.08418e-08
6.80462e-07
3.78419e-06
1.61622e-06
1.24366e-08
