0.0023981
0.0502397
0.0399498
0.0364729
0.02255
0.0218449
0.0202883
0.0193052
0.00914738
0.0219807
0.0213442
0.0220761
0.0188011
0.0172392
0.0157178
0.015059
0.015506
0.0163576
0.0169783
0.0172264
0.0174364
0.0178763
0.0181783
0.0183572
0.0183369
0.0183149
0.0183037
0.0182484
0.0184145
0.0179455
0.0177465
0.0169307
0.0160886
0.0149582
0.0140097
0.0130788
0.0124246
0.0120384
0.0114686
0.0108194
0.0108965
0.011576
0.0124277
0.013937
0.0159362
0.0181566
0.0203239
0.0214504
0.0220686
0.0210946
0.0193468
0.0166684
0.0137001
0.0107749
0.00822283
0.00597249
0.00416615
0.00290944
0.00197776
0.00136928
0.000992776
0.000732674
0.000550618
0.000432484
0.000345465
0.000241416
0.000181247
0.000157554
0.000139019
0.000127221
0.000124939
0.000121593
0.000116903
0.000109269
9.55332e-05
8.47532e-05
8.11241e-05
8.02858e-05
8.58114e-05
9.90926e-05
8.25171e-05
7.85933e-05
7.32189e-05
6.47311e-05
3.90867e-05
6.27571e-05
2.99953e-05
0.000151687
3.16928e-05
2.95384e-05
0
2.21953e-05
0
0
0
0
0
0
0
0
