5.10286e-06
0.000607692
0.001051
0.0025966
0.00188049
0.00190613
0.00224343
0.000516297
0.00143579
0.00470043
0.0068552
0.0059194
0.00871012
0.00975353
0.0157206
0.0152228
0.0158888
0.0209858
0.0211741
0.0242806
0.0249658
0.0258186
0.0258983
0.0259756
0.0261351
0.0256285
0.0260043
0.0259625
0.0265616
0.0261887
0.0268398
0.0230464
0.0238759
0.0218821
0.0207919
0.0195263
0.0187233
0.0184056
0.0170434
0.0163254
0.016815
0.0174326
0.0184332
0.0204571
0.0229597
0.0267504
0.0310173
0.0321346
0.0333035
0.0316877
0.0278878
0.0239266
0.0196092
0.0104686
0.0110978
0.00819559
0.00444111
0.00412091
0.00291568
0.00200958
0.00136541
0.00105687
0.000798349
0.000609628
0.000369461
0.000189413
0.000263678
0.000234359
0.000193117
0.000188303
0.000162056
0.000130583
0.00019364
0.000132665
0.000128308
0.000130343
9.02895e-05
0.000106694
0.000134627
6.20449e-05
0.000106918
0.000176251
0.000115547
0.000150541
9.73941e-05
2.085e-05
3.98617e-05
1.25988e-05
1.57941e-05
0
0
3.687e-06
2.22841e-06
0
3.95393e-07
2.32087e-07
2.69748e-07
1.55185e-07
0
3.83162e-09
