0.00260992
0.0570695
0.0564738
0.0355521
0.0227694
0.0202028
0.0172197
0.0182678
0.00842812
0.0201392
0.0206695
0.0214223
0.0191422
0.0164067
0.0152413
0.0149319
0.0153488
0.0158911
0.0165405
0.01687
0.0171318
0.017541
0.017801
0.0179475
0.0179447
0.018007
0.0180493
0.0179823
0.0181457
0.0177875
0.0173123
0.0166038
0.0157129
0.0147245
0.0137138
0.0129015
0.0122805
0.0118459
0.0111348
0.0106057
0.0107496
0.0112077
0.0121481
0.0135811
0.0155244
0.0177248
0.0201144
0.0211775
0.021651
0.0207162
0.0189021
0.0163726
0.0134726
0.0106452
0.00803292
0.00582242
0.00409221
0.00281189
0.00194786
0.0013628
0.000977844
0.000721075
0.000544111
0.000427728
0.000338212
0.000243556
0.000177146
0.000152225
0.000132853
0.000123548
0.000119412
0.000116193
0.000108709
0.000114637
9.78574e-05
7.67524e-05
7.61367e-05
7.89856e-05
9.50312e-05
9.80554e-05
7.22105e-05
7.91137e-05
7.66195e-05
0.000115585
4.58325e-05
5.70308e-05
9.69188e-05
6.12649e-05
0
4.77212e-05
4.40787e-05
1.79289e-05
3.25085e-05
0
5.76809e-06
0
0
0
0
0
