8.73782e-06
0.000486972
0.000703575
0.00414809
0.00276257
0.00270179
0.00438438
0.00535177
0.00306529
0.00876325
0.010523
0.013499
0.0143278
0.0137036
0.0121665
0.0139043
0.0153981
0.0175243
0.0202162
0.0212098
0.0225056
0.024049
0.0249762
0.0254583
0.0254901
0.0258263
0.0259988
0.0258165
0.0256474
0.0258436
0.0254566
0.0242887
0.0228043
0.0216757
0.0202431
0.0190897
0.018141
0.0174558
0.016535
0.0158844
0.0159236
0.0160316
0.0182098
0.0193201
0.0231536
0.025347
0.0299202
0.0298927
0.0309631
0.0306055
0.025509
0.0235621
0.0196894
0.013896
0.0105558
0.00822168
0.00592914
0.00386038
0.00280005
0.00189523
0.00137579
0.00104347
0.00079159
0.000567884
0.000426471
0.000283253
0.000234665
0.000222311
0.000187634
0.000173643
0.000171052
0.000159503
0.0001652
0.000169699
0.000116826
0.000101183
0.000125564
2.43545e-05
4.71806e-05
1.86951e-06
1.48796e-06
5.60251e-05
1.12272e-06
7.42486e-07
3.44768e-05
2.43564e-05
2.58697e-05
2.80336e-05
3.72732e-06
3.82135e-05
4.70623e-05
0
1.73545e-05
1.03887e-05
0
1.50621e-08
3.50126e-07
3.89857e-08
2.2941e-07
6.25679e-09
