0
0.0783328
0.314824
0.112765
0.0676514
0.0497587
0.0368804
0.0270889
0.0206686
0.0154839
0.0124572
0.0105983
0.00947549
0.00883327
0.00844091
0.00821777
0.0081119
0.00812212
0.00817036
0.00819306
0.00814729
0.00802859
0.00783002
0.00757708
0.00727401
0.00698883
0.00673734
0.00652804
0.0063627
0.00623991
0.00615384
0.00609575
0.00605137
0.00602551
0.00600524
0.00598444
0.00594715
0.00588965
0.00579158
0.00566086
0.0054788
0.00524053
0.00495933
0.00462591
0.00425663
0.0038733
0.003477
0.00308113
0.00270104
0.0023494
0.00202326
0.00173473
0.0014872
0.00127443
0.00108881
0.000940261
0.000811367
0.000706727
0.000612936
0.000535582
0.00046998
0.000412358
0.000359995
0.00031668
0.000273862
0.000238044
0.000203026
0.000172687
0.000148135
0.000126489
0.00010745
9.29419e-05
7.5527e-05
6.49326e-05
5.40002e-05
4.58184e-05
3.72009e-05
2.98894e-05
2.57228e-05
2.08896e-05
1.64798e-05
1.30313e-05
1.30526e-05
8.26029e-06
7.37132e-06
4.86665e-06
4.60773e-06
2.9013e-06
1.04575e-06
7.47654e-07
3.70716e-07
3.16596e-07
1.37989e-07
9.70451e-08
4.77305e-08
1.04841e-07
1.13139e-08
1.28017e-08
5.34484e-09
7.33752e-10