
-====-====-====-====-====-====-====-====-====-====-====-====-====-

 EXPECTED NUMBER OF SIG EVENTS

                | HHrew0     | HHrew1     | HHrew2     | HHrew3     | HHrew4     | HHrew5     | HHrew6     | HHrew7     | HHrew8     | HHrew9     | HHrew10    | HHrew11    | HHrew12    | HHrew13    | HHrew14    | HHrew15    | HHrew16    | HHrew17    | HHrew18    | HHrew19    | HHrew20    | HHrew21    | HHrew22    | HHrew23    | HHrew24    | HHrew25    | HHrew26    | HHrew27    | HHrew28    | HHrew29    | HHrew30    | HHrew31    | HHrew32    | HHrew33    | HHrew34    | HHrew35    | HHrew36    | HHrew37    | HHrew38    | HHrew39    | HHrew40    | HHrew41    | HHrew42    | HHrew43    | HHrew44    | HHrew45    | HHrew46    | HHrew47    | HHrew48    | HHrew49    | HHrew50    | HHrew51    | 
defaultBtagLLNoIso|      107.6 |      107.2 |      108.0 |      107.4 |      109.1 |      109.1 |      110.7 |      110.3 |      110.7 |      111.7 |      111.8 |      113.0 |      114.2 |      116.0 |      117.6 |      119.3 |      122.2 |      125.6 |      131.2 |      140.2 |      155.2 |      180.5 |      195.9 |      173.6 |      121.8 |       81.3 |       78.6 |       80.5 |       83.7 |       84.6 |       87.9 |       89.1 |       90.4 |       91.1 |       92.8 |       92.7 |       94.1 |       94.4 |       94.7 |       95.1 |       96.1 |       96.7 |       96.5 |       96.5 |       96.7 |       97.1 |       97.0 |       97.8 |       98.2 |       97.8 |       98.1 |       98.8 |
defaultBtagLLNoIsoBBTTCut|       82.4 |       82.1 |       82.8 |       82.2 |       83.6 |       83.6 |       84.8 |       84.5 |       84.8 |       85.5 |       85.7 |       86.6 |       87.5 |       88.8 |       90.1 |       91.4 |       93.6 |       96.2 |      100.5 |      107.4 |      118.9 |      138.3 |      150.2 |      133.2 |       93.5 |       62.4 |       60.3 |       61.7 |       64.2 |       64.9 |       67.3 |       68.2 |       69.3 |       69.8 |       71.1 |       71.0 |       72.1 |       72.3 |       72.5 |       72.9 |       73.6 |       74.1 |       74.0 |       73.9 |       74.1 |       74.4 |       74.3 |       74.9 |       75.2 |       74.9 |       75.2 |       75.7 |
defaultBtagLLNoIsoBBTTCutKine90|       67.9 |       67.5 |       68.2 |       67.7 |       69.1 |       69.2 |       70.4 |       70.1 |       70.5 |       71.3 |       71.4 |       72.4 |       73.5 |       74.9 |       76.3 |       77.8 |       80.2 |       83.1 |       87.8 |       95.6 |      108.3 |      130.0 |      143.7 |      125.0 |       81.0 |       46.2 |       43.7 |       45.1 |       47.8 |       48.6 |       51.2 |       52.3 |       53.4 |       53.9 |       55.4 |       55.3 |       56.5 |       56.7 |       56.9 |       57.3 |       58.1 |       58.7 |       58.5 |       58.5 |       58.6 |       59.0 |       58.8 |       59.6 |       59.9 |       59.6 |       59.9 |       60.4 |
defaultBtagMMNoIsoBBTTCutKine90|       46.8 |       46.6 |       47.0 |       46.7 |       47.7 |       47.7 |       48.5 |       48.3 |       48.6 |       49.2 |       49.3 |       49.9 |       50.7 |       51.6 |       52.6 |       53.6 |       55.3 |       57.2 |       60.5 |       65.8 |       74.5 |       89.2 |       98.2 |       85.3 |       55.2 |       31.5 |       30.0 |       31.0 |       32.9 |       33.5 |       35.3 |       36.1 |       36.8 |       37.2 |       38.2 |       38.1 |       39.0 |       39.1 |       39.3 |       39.5 |       40.1 |       40.5 |       40.3 |       40.3 |       40.4 |       40.7 |       40.6 |       41.1 |       41.3 |       41.1 |       41.3 |       41.7 |
defaultBtagLLNoIsoBBTTCutKine80|       51.5 |       51.0 |       51.7 |       51.3 |       52.7 |       52.8 |       54.0 |       53.7 |       54.1 |       54.9 |       55.1 |       56.0 |       57.2 |       58.6 |       60.1 |       61.7 |       64.1 |       67.0 |       72.0 |       80.3 |       93.6 |      117.0 |      133.8 |      115.3 |       69.6 |       31.5 |       27.9 |       28.8 |       31.4 |       32.1 |       34.6 |       35.8 |       36.8 |       37.4 |       38.8 |       38.6 |       39.9 |       40.1 |       40.3 |       40.6 |       41.6 |       42.1 |       41.8 |       41.9 |       42.0 |       42.4 |       42.2 |       43.0 |       43.4 |       43.1 |       43.3 |       43.9 |
defaultBtagMMNoIsoBBTTCutKine80|       35.4 |       35.1 |       35.5 |       35.3 |       36.2 |       36.3 |       37.1 |       36.9 |       37.2 |       37.8 |       37.9 |       38.5 |       39.4 |       40.3 |       41.3 |       42.4 |       44.0 |       46.1 |       49.5 |       55.2 |       64.4 |       80.3 |       91.4 |       78.6 |       47.3 |       21.3 |       19.0 |       19.6 |       21.5 |       22.0 |       23.7 |       24.5 |       25.2 |       25.6 |       26.6 |       26.5 |       27.4 |       27.5 |       27.6 |       27.9 |       28.5 |       28.9 |       28.7 |       28.7 |       28.8 |       29.1 |       29.0 |       29.5 |       29.8 |       29.6 |       29.7 |       30.1 |
defaultBtagLLNoIso_topUP       |      107.6 |      107.2 |      108.0 |      107.4 |      109.1 |      109.1 |      110.7 |      110.3 |      110.7 |      111.7 |      111.8 |      113.0 |      114.2 |      116.0 |      117.6 |      119.3 |      122.2 |      125.6 |      131.2 |      140.2 |      155.2 |      180.5 |      195.9 |      173.6 |      121.8 |       81.3 |       78.6 |       80.5 |       83.7 |       84.6 |       87.9 |       89.1 |       90.4 |       91.1 |       92.8 |       92.7 |       94.1 |       94.4 |       94.7 |       95.1 |       96.1 |       96.7 |       96.5 |       96.5 |       96.7 |       97.1 |       97.0 |       97.8 |       98.2 |       97.8 |       98.1 |       98.8 |
defaultBtagLLNoIso_topDOWN     |      107.6 |      107.2 |      108.0 |      107.4 |      109.1 |      109.1 |      110.7 |      110.3 |      110.7 |      111.7 |      111.8 |      113.0 |      114.2 |      116.0 |      117.6 |      119.3 |      122.2 |      125.6 |      131.2 |      140.2 |      155.2 |      180.5 |      195.9 |      173.6 |      121.8 |       81.3 |       78.6 |       80.5 |       83.7 |       84.6 |       87.9 |       89.1 |       90.4 |       91.1 |       92.8 |       92.7 |       94.1 |       94.4 |       94.7 |       95.1 |       96.1 |       96.7 |       96.5 |       96.5 |       96.7 |       97.1 |       97.0 |       97.8 |       98.2 |       97.8 |       98.1 |       98.8 |
defaultBtagLLNoIsoBBTTCut_topUP|       82.4 |       82.1 |       82.8 |       82.2 |       83.6 |       83.6 |       84.8 |       84.5 |       84.8 |       85.5 |       85.7 |       86.6 |       87.5 |       88.8 |       90.1 |       91.4 |       93.6 |       96.2 |      100.5 |      107.4 |      118.9 |      138.3 |      150.2 |      133.2 |       93.5 |       62.4 |       60.3 |       61.7 |       64.2 |       64.9 |       67.3 |       68.2 |       69.3 |       69.8 |       71.1 |       71.0 |       72.1 |       72.3 |       72.5 |       72.9 |       73.6 |       74.1 |       74.0 |       73.9 |       74.1 |       74.4 |       74.3 |       74.9 |       75.2 |       74.9 |       75.2 |       75.7 |
defaultBtagLLNoIsoBBTTCut_topDOWN|       82.4 |       82.1 |       82.8 |       82.2 |       83.6 |       83.6 |       84.8 |       84.5 |       84.8 |       85.5 |       85.7 |       86.6 |       87.5 |       88.8 |       90.1 |       91.4 |       93.6 |       96.2 |      100.5 |      107.4 |      118.9 |      138.3 |      150.2 |      133.2 |       93.5 |       62.4 |       60.3 |       61.7 |       64.2 |       64.9 |       67.3 |       68.2 |       69.3 |       69.8 |       71.1 |       71.0 |       72.1 |       72.3 |       72.5 |       72.9 |       73.6 |       74.1 |       74.0 |       73.9 |       74.1 |       74.4 |       74.3 |       74.9 |       75.2 |       74.9 |       75.2 |       75.7 |
defaultBtagLLNoIsoBBTTCutKine90_topUP|       67.9 |       67.5 |       68.2 |       67.7 |       69.1 |       69.2 |       70.4 |       70.1 |       70.5 |       71.3 |       71.4 |       72.4 |       73.5 |       74.9 |       76.3 |       77.8 |       80.2 |       83.1 |       87.8 |       95.6 |      108.3 |      130.0 |      143.7 |      125.0 |       81.0 |       46.2 |       43.7 |       45.1 |       47.8 |       48.6 |       51.2 |       52.3 |       53.4 |       53.9 |       55.4 |       55.3 |       56.5 |       56.7 |       56.9 |       57.3 |       58.1 |       58.7 |       58.5 |       58.5 |       58.6 |       59.0 |       58.8 |       59.6 |       59.9 |       59.6 |       59.9 |       60.4 |
defaultBtagLLNoIsoBBTTCutKine90_topDOWN|       67.9 |       67.5 |       68.2 |       67.7 |       69.1 |       69.2 |       70.4 |       70.1 |       70.5 |       71.3 |       71.4 |       72.4 |       73.5 |       74.9 |       76.3 |       77.8 |       80.2 |       83.1 |       87.8 |       95.6 |      108.3 |      130.0 |      143.7 |      125.0 |       81.0 |       46.2 |       43.7 |       45.1 |       47.8 |       48.6 |       51.2 |       52.3 |       53.4 |       53.9 |       55.4 |       55.3 |       56.5 |       56.7 |       56.9 |       57.3 |       58.1 |       58.7 |       58.5 |       58.5 |       58.6 |       59.0 |       58.8 |       59.6 |       59.9 |       59.6 |       59.9 |       60.4 |
defaultBtagMMNoIsoBBTTCutKine90_topUP  |       46.8 |       46.6 |       47.0 |       46.7 |       47.7 |       47.7 |       48.5 |       48.3 |       48.6 |       49.2 |       49.3 |       49.9 |       50.7 |       51.6 |       52.6 |       53.6 |       55.3 |       57.2 |       60.5 |       65.8 |       74.5 |       89.2 |       98.2 |       85.3 |       55.2 |       31.5 |       30.0 |       31.0 |       32.9 |       33.5 |       35.3 |       36.1 |       36.8 |       37.2 |       38.2 |       38.1 |       39.0 |       39.1 |       39.3 |       39.5 |       40.1 |       40.5 |       40.3 |       40.3 |       40.4 |       40.7 |       40.6 |       41.1 |       41.3 |       41.1 |       41.3 |       41.7 |
defaultBtagMMNoIsoBBTTCutKine90_topDOWN|       46.8 |       46.6 |       47.0 |       46.7 |       47.7 |       47.7 |       48.5 |       48.3 |       48.6 |       49.2 |       49.3 |       49.9 |       50.7 |       51.6 |       52.6 |       53.6 |       55.3 |       57.2 |       60.5 |       65.8 |       74.5 |       89.2 |       98.2 |       85.3 |       55.2 |       31.5 |       30.0 |       31.0 |       32.9 |       33.5 |       35.3 |       36.1 |       36.8 |       37.2 |       38.2 |       38.1 |       39.0 |       39.1 |       39.3 |       39.5 |       40.1 |       40.5 |       40.3 |       40.3 |       40.4 |       40.7 |       40.6 |       41.1 |       41.3 |       41.1 |       41.3 |       41.7 |
defaultBtagLLNoIsoBBTTCutKine80_topUP  |       51.5 |       51.0 |       51.7 |       51.3 |       52.7 |       52.8 |       54.0 |       53.7 |       54.1 |       54.9 |       55.1 |       56.0 |       57.2 |       58.6 |       60.1 |       61.7 |       64.1 |       67.0 |       72.0 |       80.3 |       93.6 |      117.0 |      133.8 |      115.3 |       69.6 |       31.5 |       27.9 |       28.8 |       31.4 |       32.1 |       34.6 |       35.8 |       36.8 |       37.4 |       38.8 |       38.6 |       39.9 |       40.1 |       40.3 |       40.6 |       41.6 |       42.1 |       41.8 |       41.9 |       42.0 |       42.4 |       42.2 |       43.0 |       43.4 |       43.1 |       43.3 |       43.9 |
defaultBtagLLNoIsoBBTTCutKine80_topDOWN|       51.5 |       51.0 |       51.7 |       51.3 |       52.7 |       52.8 |       54.0 |       53.7 |       54.1 |       54.9 |       55.1 |       56.0 |       57.2 |       58.6 |       60.1 |       61.7 |       64.1 |       67.0 |       72.0 |       80.3 |       93.6 |      117.0 |      133.8 |      115.3 |       69.6 |       31.5 |       27.9 |       28.8 |       31.4 |       32.1 |       34.6 |       35.8 |       36.8 |       37.4 |       38.8 |       38.6 |       39.9 |       40.1 |       40.3 |       40.6 |       41.6 |       42.1 |       41.8 |       41.9 |       42.0 |       42.4 |       42.2 |       43.0 |       43.4 |       43.1 |       43.3 |       43.9 |
defaultBtagMMNoIsoBBTTCutKine80_topUP  |       35.4 |       35.1 |       35.5 |       35.3 |       36.2 |       36.3 |       37.1 |       36.9 |       37.2 |       37.8 |       37.9 |       38.5 |       39.4 |       40.3 |       41.3 |       42.4 |       44.0 |       46.1 |       49.5 |       55.2 |       64.4 |       80.3 |       91.4 |       78.6 |       47.3 |       21.3 |       19.0 |       19.6 |       21.5 |       22.0 |       23.7 |       24.5 |       25.2 |       25.6 |       26.6 |       26.5 |       27.4 |       27.5 |       27.6 |       27.9 |       28.5 |       28.9 |       28.7 |       28.7 |       28.8 |       29.1 |       29.0 |       29.5 |       29.8 |       29.6 |       29.7 |       30.1 |
defaultBtagMMNoIsoBBTTCutKine80_topDOWN|       35.4 |       35.1 |       35.5 |       35.3 |       36.2 |       36.3 |       37.1 |       36.9 |       37.2 |       37.8 |       37.9 |       38.5 |       39.4 |       40.3 |       41.3 |       42.4 |       44.0 |       46.1 |       49.5 |       55.2 |       64.4 |       80.3 |       91.4 |       78.6 |       47.3 |       21.3 |       19.0 |       19.6 |       21.5 |       22.0 |       23.7 |       24.5 |       25.2 |       25.6 |       26.6 |       26.5 |       27.4 |       27.5 |       27.6 |       27.9 |       28.5 |       28.9 |       28.7 |       28.7 |       28.8 |       29.1 |       29.0 |       29.5 |       29.8 |       29.6 |       29.7 |       30.1 |

-====-====-====-====-====-====-====-====-====-====-====-====-====-

 EFFICIENCIES OF SIG EVENTS

                | HHrew0     | HHrew1     | HHrew2     | HHrew3     | HHrew4     | HHrew5     | HHrew6     | HHrew7     | HHrew8     | HHrew9     | HHrew10    | HHrew11    | HHrew12    | HHrew13    | HHrew14    | HHrew15    | HHrew16    | HHrew17    | HHrew18    | HHrew19    | HHrew20    | HHrew21    | HHrew22    | HHrew23    | HHrew24    | HHrew25    | HHrew26    | HHrew27    | HHrew28    | HHrew29    | HHrew30    | HHrew31    | HHrew32    | HHrew33    | HHrew34    | HHrew35    | HHrew36    | HHrew37    | HHrew38    | HHrew39    | HHrew40    | HHrew41    | HHrew42    | HHrew43    | HHrew44    | HHrew45    | HHrew46    | HHrew47    | HHrew48    | HHrew49    | HHrew50    | HHrew51    | 
defaultBtagLLNoIso|8.6 (3.6 %) |8.5 (3.6 %) |8.6 (3.6 %) |8.7 (3.6 %) |8.8 (3.6 %) |8.8 (3.6 %) |9.1 (3.6 %) |8.9 (3.6 %) |8.8 (3.6 %) |9.0 (3.6 %) |9.1 (3.6 %) |9.0 (3.6 %) |9.1 (3.6 %) |9.6 (3.7 %) |9.8 (3.7 %) |9.8 (3.7 %) |10.1 (3.7 %) |10.6 (3.7 %) |11.3 (3.8 %) |12.4 (3.8 %) |14.2 (3.9 %) |19.6 (4.0 %) |25.8 (4.1 %) |23.9 (3.9 %) |16.1 (3.6 %) |9.1 (3.2 %) |7.7 (3.2 %) |6.9 (3.2 %) |6.9 (3.3 %) |6.8 (3.3 %) |7.0 (3.3 %) |7.1 (3.3 %) |7.2 (3.4 %) |7.1 (3.4 %) |7.3 (3.4 %) |7.3 (3.4 %) |7.4 (3.4 %) |7.5 (3.4 %) |7.4 (3.4 %) |7.6 (3.4 %) |7.6 (3.4 %) |7.7 (3.4 %) |7.6 (3.4 %) |7.6 (3.4 %) |7.6 (3.4 %) |7.7 (3.5 %) |7.6 (3.5 %) |7.7 (3.5 %) |7.7 (3.5 %) |7.7 (3.5 %) |7.7 (3.5 %) |7.9 (3.5 %) |
defaultBtagLLNoIsoBBTTCut|6.6 (2.7 %) |6.5 (2.7 %) |6.6 (2.7 %) |6.7 (2.7 %) |6.7 (2.8 %) |6.7 (2.7 %) |7.0 (2.8 %) |6.8 (2.8 %) |6.7 (2.8 %) |6.9 (2.8 %) |7.0 (2.8 %) |6.9 (2.8 %) |7.0 (2.8 %) |7.3 (2.8 %) |7.5 (2.8 %) |7.5 (2.8 %) |7.7 (2.8 %) |8.1 (2.9 %) |8.6 (2.9 %) |9.5 (2.9 %) |10.8 (3.0 %) |15.0 (3.1 %) |19.8 (3.1 %) |18.4 (3.0 %) |12.4 (2.7 %) |7.0 (2.4 %) |5.9 (2.4 %) |5.3 (2.5 %) |5.3 (2.5 %) |5.2 (2.5 %) |5.3 (2.5 %) |5.4 (2.6 %) |5.6 (2.6 %) |5.5 (2.6 %) |5.6 (2.6 %) |5.6 (2.6 %) |5.7 (2.6 %) |5.7 (2.6 %) |5.7 (2.6 %) |5.8 (2.6 %) |5.8 (2.6 %) |5.9 (2.6 %) |5.8 (2.6 %) |5.8 (2.6 %) |5.8 (2.6 %) |5.9 (2.6 %) |5.9 (2.6 %) |5.9 (2.7 %) |5.9 (2.7 %) |5.9 (2.7 %) |5.9 (2.7 %) |6.0 (2.7 %) |
defaultBtagLLNoIsoBBTTCutKine90|5.4 (2.3 %) |5.4 (2.2 %) |5.5 (2.3 %) |5.5 (2.3 %) |5.5 (2.3 %) |5.6 (2.3 %) |5.8 (2.3 %) |5.6 (2.3 %) |5.6 (2.3 %) |5.7 (2.3 %) |5.8 (2.3 %) |5.8 (2.3 %) |5.8 (2.3 %) |6.2 (2.4 %) |6.4 (2.4 %) |6.4 (2.4 %) |6.6 (2.4 %) |7.0 (2.5 %) |7.5 (2.5 %) |8.5 (2.6 %) |9.9 (2.7 %) |14.1 (2.9 %) |18.9 (3.0 %) |17.2 (2.8 %) |10.7 (2.4 %) |5.2 (1.8 %) |4.3 (1.8 %) |3.9 (1.8 %) |3.9 (1.9 %) |3.9 (1.9 %) |4.1 (1.9 %) |4.2 (2.0 %) |4.3 (2.0 %) |4.2 (2.0 %) |4.3 (2.0 %) |4.3 (2.0 %) |4.4 (2.1 %) |4.5 (2.1 %) |4.4 (2.1 %) |4.6 (2.1 %) |4.6 (2.1 %) |4.7 (2.1 %) |4.6 (2.1 %) |4.6 (2.1 %) |4.6 (2.1 %) |4.7 (2.1 %) |4.6 (2.1 %) |4.7 (2.1 %) |4.7 (2.1 %) |4.7 (2.1 %) |4.7 (2.1 %) |4.8 (2.1 %) |
defaultBtagMMNoIsoBBTTCutKine90|3.8 (1.6 %) |3.7 (1.6 %) |3.8 (1.6 %) |3.8 (1.6 %) |3.8 (1.6 %) |3.8 (1.6 %) |4.0 (1.6 %) |3.9 (1.6 %) |3.9 (1.6 %) |3.9 (1.6 %) |4.0 (1.6 %) |4.0 (1.6 %) |4.0 (1.6 %) |4.3 (1.6 %) |4.4 (1.6 %) |4.4 (1.7 %) |4.6 (1.7 %) |4.8 (1.7 %) |5.2 (1.7 %) |5.8 (1.8 %) |6.8 (1.9 %) |9.7 (2.0 %) |12.9 (2.0 %) |11.8 (1.9 %) |7.3 (1.6 %) |3.5 (1.2 %) |2.9 (1.2 %) |2.7 (1.2 %) |2.7 (1.3 %) |2.7 (1.3 %) |2.8 (1.3 %) |2.9 (1.4 %) |2.9 (1.4 %) |2.9 (1.4 %) |3.0 (1.4 %) |3.0 (1.4 %) |3.1 (1.4 %) |3.1 (1.4 %) |3.1 (1.4 %) |3.1 (1.4 %) |3.2 (1.4 %) |3.2 (1.4 %) |3.2 (1.4 %) |3.2 (1.4 %) |3.2 (1.4 %) |3.2 (1.4 %) |3.2 (1.4 %) |3.2 (1.5 %) |3.3 (1.5 %) |3.2 (1.5 %) |3.3 (1.5 %) |3.3 (1.5 %) |
defaultBtagLLNoIsoBBTTCutKine80|4.1 (1.7 %) |4.1 (1.7 %) |4.1 (1.7 %) |4.2 (1.7 %) |4.2 (1.7 %) |4.3 (1.7 %) |4.5 (1.8 %) |4.3 (1.8 %) |4.3 (1.8 %) |4.4 (1.8 %) |4.5 (1.8 %) |4.5 (1.8 %) |4.5 (1.8 %) |4.9 (1.8 %) |5.0 (1.9 %) |5.1 (1.9 %) |5.3 (1.9 %) |5.6 (2.0 %) |6.2 (2.1 %) |7.1 (2.2 %) |8.5 (2.4 %) |12.7 (2.6 %) |17.6 (2.8 %) |15.9 (2.6 %) |9.2 (2.0 %) |3.5 (1.2 %) |2.7 (1.1 %) |2.5 (1.1 %) |2.6 (1.2 %) |2.6 (1.2 %) |2.7 (1.3 %) |2.9 (1.3 %) |3.0 (1.4 %) |2.9 (1.4 %) |3.0 (1.4 %) |3.0 (1.4 %) |3.1 (1.4 %) |3.2 (1.5 %) |3.1 (1.5 %) |3.2 (1.5 %) |3.3 (1.5 %) |3.3 (1.5 %) |3.3 (1.5 %) |3.3 (1.5 %) |3.3 (1.5 %) |3.4 (1.5 %) |3.3 (1.5 %) |3.4 (1.5 %) |3.4 (1.5 %) |3.4 (1.5 %) |3.4 (1.5 %) |3.5 (1.5 %) |
defaultBtagMMNoIsoBBTTCutKine80|2.8 (1.2 %) |2.8 (1.2 %) |2.8 (1.2 %) |2.9 (1.2 %) |2.9 (1.2 %) |2.9 (1.2 %) |3.1 (1.2 %) |3.0 (1.2 %) |3.0 (1.2 %) |3.0 (1.2 %) |3.1 (1.2 %) |3.1 (1.2 %) |3.1 (1.3 %) |3.3 (1.3 %) |3.4 (1.3 %) |3.5 (1.3 %) |3.6 (1.3 %) |3.9 (1.4 %) |4.2 (1.4 %) |4.9 (1.5 %) |5.9 (1.6 %) |8.7 (1.8 %) |12.0 (1.9 %) |10.8 (1.8 %) |6.2 (1.4 %) |2.4 (0.8 %) |1.9 (0.8 %) |1.7 (0.8 %) |1.8 (0.8 %) |1.8 (0.9 %) |1.9 (0.9 %) |2.0 (0.9 %) |2.0 (0.9 %) |2.0 (1.0 %) |2.1 (1.0 %) |2.1 (1.0 %) |2.2 (1.0 %) |2.2 (1.0 %) |2.2 (1.0 %) |2.2 (1.0 %) |2.2 (1.0 %) |2.3 (1.0 %) |2.3 (1.0 %) |2.3 (1.0 %) |2.3 (1.0 %) |2.3 (1.0 %) |2.3 (1.0 %) |2.3 (1.0 %) |2.3 (1.1 %) |2.3 (1.0 %) |2.3 (1.0 %) |2.4 (1.1 %) |
defaultBtagLLNoIso_topUP       |8.6 (3.6 %) |8.5 (3.6 %) |8.6 (3.6 %) |8.7 (3.6 %) |8.8 (3.6 %) |8.8 (3.6 %) |9.1 (3.6 %) |8.9 (3.6 %) |8.8 (3.6 %) |9.0 (3.6 %) |9.1 (3.6 %) |9.0 (3.6 %) |9.1 (3.6 %) |9.6 (3.7 %) |9.8 (3.7 %) |9.8 (3.7 %) |10.1 (3.7 %) |10.6 (3.7 %) |11.3 (3.8 %) |12.4 (3.8 %) |14.2 (3.9 %) |19.6 (4.0 %) |25.8 (4.1 %) |23.9 (3.9 %) |16.1 (3.6 %) |9.1 (3.2 %) |7.7 (3.2 %) |6.9 (3.2 %) |6.9 (3.3 %) |6.8 (3.3 %) |7.0 (3.3 %) |7.1 (3.3 %) |7.2 (3.4 %) |7.1 (3.4 %) |7.3 (3.4 %) |7.3 (3.4 %) |7.4 (3.4 %) |7.5 (3.4 %) |7.4 (3.4 %) |7.6 (3.4 %) |7.6 (3.4 %) |7.7 (3.4 %) |7.6 (3.4 %) |7.6 (3.4 %) |7.6 (3.4 %) |7.7 (3.5 %) |7.6 (3.5 %) |7.7 (3.5 %) |7.7 (3.5 %) |7.7 (3.5 %) |7.7 (3.5 %) |7.9 (3.5 %) |
defaultBtagLLNoIso_topDOWN     |8.6 (3.6 %) |8.5 (3.6 %) |8.6 (3.6 %) |8.7 (3.6 %) |8.8 (3.6 %) |8.8 (3.6 %) |9.1 (3.6 %) |8.9 (3.6 %) |8.8 (3.6 %) |9.0 (3.6 %) |9.1 (3.6 %) |9.0 (3.6 %) |9.1 (3.6 %) |9.6 (3.7 %) |9.8 (3.7 %) |9.8 (3.7 %) |10.1 (3.7 %) |10.6 (3.7 %) |11.3 (3.8 %) |12.4 (3.8 %) |14.2 (3.9 %) |19.6 (4.0 %) |25.8 (4.1 %) |23.9 (3.9 %) |16.1 (3.6 %) |9.1 (3.2 %) |7.7 (3.2 %) |6.9 (3.2 %) |6.9 (3.3 %) |6.8 (3.3 %) |7.0 (3.3 %) |7.1 (3.3 %) |7.2 (3.4 %) |7.1 (3.4 %) |7.3 (3.4 %) |7.3 (3.4 %) |7.4 (3.4 %) |7.5 (3.4 %) |7.4 (3.4 %) |7.6 (3.4 %) |7.6 (3.4 %) |7.7 (3.4 %) |7.6 (3.4 %) |7.6 (3.4 %) |7.6 (3.4 %) |7.7 (3.5 %) |7.6 (3.5 %) |7.7 (3.5 %) |7.7 (3.5 %) |7.7 (3.5 %) |7.7 (3.5 %) |7.9 (3.5 %) |
defaultBtagLLNoIsoBBTTCut_topUP|6.6 (2.7 %) |6.5 (2.7 %) |6.6 (2.7 %) |6.7 (2.7 %) |6.7 (2.8 %) |6.7 (2.7 %) |7.0 (2.8 %) |6.8 (2.8 %) |6.7 (2.8 %) |6.9 (2.8 %) |7.0 (2.8 %) |6.9 (2.8 %) |7.0 (2.8 %) |7.3 (2.8 %) |7.5 (2.8 %) |7.5 (2.8 %) |7.7 (2.8 %) |8.1 (2.9 %) |8.6 (2.9 %) |9.5 (2.9 %) |10.8 (3.0 %) |15.0 (3.1 %) |19.8 (3.1 %) |18.4 (3.0 %) |12.4 (2.7 %) |7.0 (2.4 %) |5.9 (2.4 %) |5.3 (2.5 %) |5.3 (2.5 %) |5.2 (2.5 %) |5.3 (2.5 %) |5.4 (2.6 %) |5.6 (2.6 %) |5.5 (2.6 %) |5.6 (2.6 %) |5.6 (2.6 %) |5.7 (2.6 %) |5.7 (2.6 %) |5.7 (2.6 %) |5.8 (2.6 %) |5.8 (2.6 %) |5.9 (2.6 %) |5.8 (2.6 %) |5.8 (2.6 %) |5.8 (2.6 %) |5.9 (2.6 %) |5.9 (2.6 %) |5.9 (2.7 %) |5.9 (2.7 %) |5.9 (2.7 %) |5.9 (2.7 %) |6.0 (2.7 %) |
defaultBtagLLNoIsoBBTTCut_topDOWN|6.6 (2.7 %) |6.5 (2.7 %) |6.6 (2.7 %) |6.7 (2.7 %) |6.7 (2.8 %) |6.7 (2.7 %) |7.0 (2.8 %) |6.8 (2.8 %) |6.7 (2.8 %) |6.9 (2.8 %) |7.0 (2.8 %) |6.9 (2.8 %) |7.0 (2.8 %) |7.3 (2.8 %) |7.5 (2.8 %) |7.5 (2.8 %) |7.7 (2.8 %) |8.1 (2.9 %) |8.6 (2.9 %) |9.5 (2.9 %) |10.8 (3.0 %) |15.0 (3.1 %) |19.8 (3.1 %) |18.4 (3.0 %) |12.4 (2.7 %) |7.0 (2.4 %) |5.9 (2.4 %) |5.3 (2.5 %) |5.3 (2.5 %) |5.2 (2.5 %) |5.3 (2.5 %) |5.4 (2.6 %) |5.6 (2.6 %) |5.5 (2.6 %) |5.6 (2.6 %) |5.6 (2.6 %) |5.7 (2.6 %) |5.7 (2.6 %) |5.7 (2.6 %) |5.8 (2.6 %) |5.8 (2.6 %) |5.9 (2.6 %) |5.8 (2.6 %) |5.8 (2.6 %) |5.8 (2.6 %) |5.9 (2.6 %) |5.9 (2.6 %) |5.9 (2.7 %) |5.9 (2.7 %) |5.9 (2.7 %) |5.9 (2.7 %) |6.0 (2.7 %) |
defaultBtagLLNoIsoBBTTCutKine90_topUP|5.4 (2.3 %) |5.4 (2.2 %) |5.5 (2.3 %) |5.5 (2.3 %) |5.5 (2.3 %) |5.6 (2.3 %) |5.8 (2.3 %) |5.6 (2.3 %) |5.6 (2.3 %) |5.7 (2.3 %) |5.8 (2.3 %) |5.8 (2.3 %) |5.8 (2.3 %) |6.2 (2.4 %) |6.4 (2.4 %) |6.4 (2.4 %) |6.6 (2.4 %) |7.0 (2.5 %) |7.5 (2.5 %) |8.5 (2.6 %) |9.9 (2.7 %) |14.1 (2.9 %) |18.9 (3.0 %) |17.2 (2.8 %) |10.7 (2.4 %) |5.2 (1.8 %) |4.3 (1.8 %) |3.9 (1.8 %) |3.9 (1.9 %) |3.9 (1.9 %) |4.1 (1.9 %) |4.2 (2.0 %) |4.3 (2.0 %) |4.2 (2.0 %) |4.3 (2.0 %) |4.3 (2.0 %) |4.4 (2.1 %) |4.5 (2.1 %) |4.4 (2.1 %) |4.6 (2.1 %) |4.6 (2.1 %) |4.7 (2.1 %) |4.6 (2.1 %) |4.6 (2.1 %) |4.6 (2.1 %) |4.7 (2.1 %) |4.6 (2.1 %) |4.7 (2.1 %) |4.7 (2.1 %) |4.7 (2.1 %) |4.7 (2.1 %) |4.8 (2.1 %) |
defaultBtagLLNoIsoBBTTCutKine90_topDOWN|5.4 (2.3 %) |5.4 (2.2 %) |5.5 (2.3 %) |5.5 (2.3 %) |5.5 (2.3 %) |5.6 (2.3 %) |5.8 (2.3 %) |5.6 (2.3 %) |5.6 (2.3 %) |5.7 (2.3 %) |5.8 (2.3 %) |5.8 (2.3 %) |5.8 (2.3 %) |6.2 (2.4 %) |6.4 (2.4 %) |6.4 (2.4 %) |6.6 (2.4 %) |7.0 (2.5 %) |7.5 (2.5 %) |8.5 (2.6 %) |9.9 (2.7 %) |14.1 (2.9 %) |18.9 (3.0 %) |17.2 (2.8 %) |10.7 (2.4 %) |5.2 (1.8 %) |4.3 (1.8 %) |3.9 (1.8 %) |3.9 (1.9 %) |3.9 (1.9 %) |4.1 (1.9 %) |4.2 (2.0 %) |4.3 (2.0 %) |4.2 (2.0 %) |4.3 (2.0 %) |4.3 (2.0 %) |4.4 (2.1 %) |4.5 (2.1 %) |4.4 (2.1 %) |4.6 (2.1 %) |4.6 (2.1 %) |4.7 (2.1 %) |4.6 (2.1 %) |4.6 (2.1 %) |4.6 (2.1 %) |4.7 (2.1 %) |4.6 (2.1 %) |4.7 (2.1 %) |4.7 (2.1 %) |4.7 (2.1 %) |4.7 (2.1 %) |4.8 (2.1 %) |
defaultBtagMMNoIsoBBTTCutKine90_topUP  |3.8 (1.6 %) |3.7 (1.6 %) |3.8 (1.6 %) |3.8 (1.6 %) |3.8 (1.6 %) |3.8 (1.6 %) |4.0 (1.6 %) |3.9 (1.6 %) |3.9 (1.6 %) |3.9 (1.6 %) |4.0 (1.6 %) |4.0 (1.6 %) |4.0 (1.6 %) |4.3 (1.6 %) |4.4 (1.6 %) |4.4 (1.7 %) |4.6 (1.7 %) |4.8 (1.7 %) |5.2 (1.7 %) |5.8 (1.8 %) |6.8 (1.9 %) |9.7 (2.0 %) |12.9 (2.0 %) |11.8 (1.9 %) |7.3 (1.6 %) |3.5 (1.2 %) |2.9 (1.2 %) |2.7 (1.2 %) |2.7 (1.3 %) |2.7 (1.3 %) |2.8 (1.3 %) |2.9 (1.4 %) |2.9 (1.4 %) |2.9 (1.4 %) |3.0 (1.4 %) |3.0 (1.4 %) |3.1 (1.4 %) |3.1 (1.4 %) |3.1 (1.4 %) |3.1 (1.4 %) |3.2 (1.4 %) |3.2 (1.4 %) |3.2 (1.4 %) |3.2 (1.4 %) |3.2 (1.4 %) |3.2 (1.4 %) |3.2 (1.4 %) |3.2 (1.5 %) |3.3 (1.5 %) |3.2 (1.5 %) |3.3 (1.5 %) |3.3 (1.5 %) |
defaultBtagMMNoIsoBBTTCutKine90_topDOWN|3.8 (1.6 %) |3.7 (1.6 %) |3.8 (1.6 %) |3.8 (1.6 %) |3.8 (1.6 %) |3.8 (1.6 %) |4.0 (1.6 %) |3.9 (1.6 %) |3.9 (1.6 %) |3.9 (1.6 %) |4.0 (1.6 %) |4.0 (1.6 %) |4.0 (1.6 %) |4.3 (1.6 %) |4.4 (1.6 %) |4.4 (1.7 %) |4.6 (1.7 %) |4.8 (1.7 %) |5.2 (1.7 %) |5.8 (1.8 %) |6.8 (1.9 %) |9.7 (2.0 %) |12.9 (2.0 %) |11.8 (1.9 %) |7.3 (1.6 %) |3.5 (1.2 %) |2.9 (1.2 %) |2.7 (1.2 %) |2.7 (1.3 %) |2.7 (1.3 %) |2.8 (1.3 %) |2.9 (1.4 %) |2.9 (1.4 %) |2.9 (1.4 %) |3.0 (1.4 %) |3.0 (1.4 %) |3.1 (1.4 %) |3.1 (1.4 %) |3.1 (1.4 %) |3.1 (1.4 %) |3.2 (1.4 %) |3.2 (1.4 %) |3.2 (1.4 %) |3.2 (1.4 %) |3.2 (1.4 %) |3.2 (1.4 %) |3.2 (1.4 %) |3.2 (1.5 %) |3.3 (1.5 %) |3.2 (1.5 %) |3.3 (1.5 %) |3.3 (1.5 %) |
defaultBtagLLNoIsoBBTTCutKine80_topUP  |4.1 (1.7 %) |4.1 (1.7 %) |4.1 (1.7 %) |4.2 (1.7 %) |4.2 (1.7 %) |4.3 (1.7 %) |4.5 (1.8 %) |4.3 (1.8 %) |4.3 (1.8 %) |4.4 (1.8 %) |4.5 (1.8 %) |4.5 (1.8 %) |4.5 (1.8 %) |4.9 (1.8 %) |5.0 (1.9 %) |5.1 (1.9 %) |5.3 (1.9 %) |5.6 (2.0 %) |6.2 (2.1 %) |7.1 (2.2 %) |8.5 (2.4 %) |12.7 (2.6 %) |17.6 (2.8 %) |15.9 (2.6 %) |9.2 (2.0 %) |3.5 (1.2 %) |2.7 (1.1 %) |2.5 (1.1 %) |2.6 (1.2 %) |2.6 (1.2 %) |2.7 (1.3 %) |2.9 (1.3 %) |3.0 (1.4 %) |2.9 (1.4 %) |3.0 (1.4 %) |3.0 (1.4 %) |3.1 (1.4 %) |3.2 (1.5 %) |3.1 (1.5 %) |3.2 (1.5 %) |3.3 (1.5 %) |3.3 (1.5 %) |3.3 (1.5 %) |3.3 (1.5 %) |3.3 (1.5 %) |3.4 (1.5 %) |3.3 (1.5 %) |3.4 (1.5 %) |3.4 (1.5 %) |3.4 (1.5 %) |3.4 (1.5 %) |3.5 (1.5 %) |
defaultBtagLLNoIsoBBTTCutKine80_topDOWN|4.1 (1.7 %) |4.1 (1.7 %) |4.1 (1.7 %) |4.2 (1.7 %) |4.2 (1.7 %) |4.3 (1.7 %) |4.5 (1.8 %) |4.3 (1.8 %) |4.3 (1.8 %) |4.4 (1.8 %) |4.5 (1.8 %) |4.5 (1.8 %) |4.5 (1.8 %) |4.9 (1.8 %) |5.0 (1.9 %) |5.1 (1.9 %) |5.3 (1.9 %) |5.6 (2.0 %) |6.2 (2.1 %) |7.1 (2.2 %) |8.5 (2.4 %) |12.7 (2.6 %) |17.6 (2.8 %) |15.9 (2.6 %) |9.2 (2.0 %) |3.5 (1.2 %) |2.7 (1.1 %) |2.5 (1.1 %) |2.6 (1.2 %) |2.6 (1.2 %) |2.7 (1.3 %) |2.9 (1.3 %) |3.0 (1.4 %) |2.9 (1.4 %) |3.0 (1.4 %) |3.0 (1.4 %) |3.1 (1.4 %) |3.2 (1.5 %) |3.1 (1.5 %) |3.2 (1.5 %) |3.3 (1.5 %) |3.3 (1.5 %) |3.3 (1.5 %) |3.3 (1.5 %) |3.3 (1.5 %) |3.4 (1.5 %) |3.3 (1.5 %) |3.4 (1.5 %) |3.4 (1.5 %) |3.4 (1.5 %) |3.4 (1.5 %) |3.5 (1.5 %) |
defaultBtagMMNoIsoBBTTCutKine80_topUP  |2.8 (1.2 %) |2.8 (1.2 %) |2.8 (1.2 %) |2.9 (1.2 %) |2.9 (1.2 %) |2.9 (1.2 %) |3.1 (1.2 %) |3.0 (1.2 %) |3.0 (1.2 %) |3.0 (1.2 %) |3.1 (1.2 %) |3.1 (1.2 %) |3.1 (1.3 %) |3.3 (1.3 %) |3.4 (1.3 %) |3.5 (1.3 %) |3.6 (1.3 %) |3.9 (1.4 %) |4.2 (1.4 %) |4.9 (1.5 %) |5.9 (1.6 %) |8.7 (1.8 %) |12.0 (1.9 %) |10.8 (1.8 %) |6.2 (1.4 %) |2.4 (0.8 %) |1.9 (0.8 %) |1.7 (0.8 %) |1.8 (0.8 %) |1.8 (0.9 %) |1.9 (0.9 %) |2.0 (0.9 %) |2.0 (0.9 %) |2.0 (1.0 %) |2.1 (1.0 %) |2.1 (1.0 %) |2.2 (1.0 %) |2.2 (1.0 %) |2.2 (1.0 %) |2.2 (1.0 %) |2.2 (1.0 %) |2.3 (1.0 %) |2.3 (1.0 %) |2.3 (1.0 %) |2.3 (1.0 %) |2.3 (1.0 %) |2.3 (1.0 %) |2.3 (1.0 %) |2.3 (1.1 %) |2.3 (1.0 %) |2.3 (1.0 %) |2.4 (1.1 %) |
defaultBtagMMNoIsoBBTTCutKine80_topDOWN|2.8 (1.2 %) |2.8 (1.2 %) |2.8 (1.2 %) |2.9 (1.2 %) |2.9 (1.2 %) |2.9 (1.2 %) |3.1 (1.2 %) |3.0 (1.2 %) |3.0 (1.2 %) |3.0 (1.2 %) |3.1 (1.2 %) |3.1 (1.2 %) |3.1 (1.3 %) |3.3 (1.3 %) |3.4 (1.3 %) |3.5 (1.3 %) |3.6 (1.3 %) |3.9 (1.4 %) |4.2 (1.4 %) |4.9 (1.5 %) |5.9 (1.6 %) |8.7 (1.8 %) |12.0 (1.9 %) |10.8 (1.8 %) |6.2 (1.4 %) |2.4 (0.8 %) |1.9 (0.8 %) |1.7 (0.8 %) |1.8 (0.8 %) |1.8 (0.9 %) |1.9 (0.9 %) |2.0 (0.9 %) |2.0 (0.9 %) |2.0 (1.0 %) |2.1 (1.0 %) |2.1 (1.0 %) |2.2 (1.0 %) |2.2 (1.0 %) |2.2 (1.0 %) |2.2 (1.0 %) |2.2 (1.0 %) |2.3 (1.0 %) |2.3 (1.0 %) |2.3 (1.0 %) |2.3 (1.0 %) |2.3 (1.0 %) |2.3 (1.0 %) |2.3 (1.0 %) |2.3 (1.1 %) |2.3 (1.0 %) |2.3 (1.0 %) |2.4 (1.1 %) |

-====-====-====-====-====-====-====-====-====-====-====-====-====-

 EXPECTED NUMBER OF BKG EVENTS

                | DY0b       | DY1b       | DY2b       | WJetsIncl  | WJets10020 | WJets20040 | WJets40060 | WJets600In | TT         | TWtop      | TWantitop  | WWToLNuQQ  | WZTo1L1Nu2 | WZTo1L3Nu  | WZTo2L2Q   | ZZTo2L2Q   | ZZTo4L     | QCD        | 
defaultBtagLLNoIso|       26.2 |       11.8 |        9.2 |       13.7 |       26.5 |       22.1 |        6.0 |        2.8 |     1556.7 |       33.1 |       28.9 |        1.8 |        1.1 |         0.0 |        0.5 |        0.6 |         0.0 |      105.6 |
defaultBtagLLNoIsoBBTTCut|        7.1 |        3.4 |        2.7 |       10.2 |        6.0 |        3.7 |        0.7 |        0.2 |      306.1 |        5.3 |        4.9 |        0.5 |        0.2 |          0.0 |         0.1 |        0.2 |          0.0 |       25.5 |
defaultBtagLLNoIsoBBTTCutKine90|        3.5 |        2.6 |        1.6 |        3.4 |        2.5 |        1.8 |        0.2 |        0.2 |      112.6 |        2.1 |        1.9 |        0.2 |         0.1 |          0.0 |         0.1 |        0.2 |          0.0 |        7.3 |
defaultBtagMMNoIsoBBTTCutKine90|        0.2 |        0.3 |        2.1 |          0.0 |          0.0 |        0.5 |          0.0 |          0.0 |       67.2 |        1.2 |        0.7 |          0.0 |         0.0 |          0.0 |         0.0 |         0.1 |           0.0 |        2.8 |
defaultBtagLLNoIsoBBTTCutKine80|        2.4 |        1.7 |        0.9 |          0.0 |        0.4 |        0.2 |        0.2 |        0.1 |       44.3 |        1.1 |        0.9 |        0.1 |         0.1 |          0.0 |         0.0 |        0.1 |          0.0 |        0.8 |
defaultBtagMMNoIsoBBTTCutKine80|        0.1 |        0.2 |        1.4 |          0.0 |          0.0 |        0.2 |          0.0 |          0.0 |       26.3 |        0.5 |        0.3 |          0.0 |         0.0 |          0.0 |         0.0 |         0.1 |           0.0 |        0.3 |
defaultBtagLLNoIso_topUP       |       26.2 |       11.8 |        9.2 |       13.7 |       26.5 |       22.1 |        6.0 |        2.8 |     1540.2 |       33.1 |       28.9 |        1.8 |        1.1 |         0.0 |        0.5 |        0.6 |         0.0 |      106.9 |
defaultBtagLLNoIso_topDOWN     |       26.2 |       11.8 |        9.2 |       13.7 |       26.5 |       22.1 |        6.0 |        2.8 |     1587.1 |       33.1 |       28.9 |        1.8 |        1.1 |         0.0 |        0.5 |        0.6 |         0.0 |      102.2 |
defaultBtagLLNoIsoBBTTCut_topUP|        7.1 |        3.4 |        2.7 |       10.2 |        6.0 |        3.7 |        0.7 |        0.2 |      311.9 |        5.3 |        4.9 |        0.5 |        0.2 |          0.0 |         0.1 |        0.2 |          0.0 |       24.3 |
defaultBtagLLNoIsoBBTTCut_topDOWN|        7.1 |        3.4 |        2.7 |       10.2 |        6.0 |        3.7 |        0.7 |        0.2 |      302.0 |        5.3 |        4.9 |        0.5 |        0.2 |          0.0 |         0.1 |        0.2 |          0.0 |       26.2 |
defaultBtagLLNoIsoBBTTCutKine90_topUP|        3.5 |        2.6 |        1.6 |        3.4 |        2.5 |        1.8 |        0.2 |        0.2 |      113.5 |        2.1 |        1.9 |        0.2 |         0.1 |          0.0 |         0.1 |        0.2 |          0.0 |        7.5 |
defaultBtagLLNoIsoBBTTCutKine90_topDOWN|        3.5 |        2.6 |        1.6 |        3.4 |        2.5 |        1.8 |        0.2 |        0.2 |      112.4 |        2.1 |        1.9 |        0.2 |         0.1 |          0.0 |         0.1 |        0.2 |          0.0 |        6.9 |
defaultBtagMMNoIsoBBTTCutKine90_topUP  |        0.2 |        0.3 |        2.1 |          0.0 |          0.0 |        0.5 |          0.0 |          0.0 |       68.1 |        1.2 |        0.7 |          0.0 |         0.0 |          0.0 |         0.0 |         0.1 |           0.0 |        2.8 |
defaultBtagMMNoIsoBBTTCutKine90_topDOWN|        0.2 |        0.3 |        2.1 |          0.0 |          0.0 |        0.5 |          0.0 |          0.0 |       66.7 |        1.2 |        0.7 |          0.0 |         0.0 |          0.0 |         0.0 |         0.1 |           0.0 |        2.7 |
defaultBtagLLNoIsoBBTTCutKine80_topUP  |        2.4 |        1.7 |        0.9 |          0.0 |        0.4 |        0.2 |        0.2 |        0.1 |       44.0 |        1.1 |        0.9 |        0.1 |         0.1 |          0.0 |         0.0 |        0.1 |          0.0 |        1.2 |
defaultBtagLLNoIsoBBTTCutKine80_topDOWN|        2.4 |        1.7 |        0.9 |          0.0 |        0.4 |        0.2 |        0.2 |        0.1 |       45.0 |        1.1 |        0.9 |        0.1 |         0.1 |          0.0 |         0.0 |        0.1 |          0.0 |        0.3 |
defaultBtagMMNoIsoBBTTCutKine80_topUP  |        0.1 |        0.2 |        1.4 |          0.0 |          0.0 |        0.2 |          0.0 |          0.0 |       26.4 |        0.5 |        0.3 |          0.0 |         0.0 |          0.0 |         0.0 |         0.1 |           0.0 |        0.4 |
defaultBtagMMNoIsoBBTTCutKine80_topDOWN|        0.1 |        0.2 |        1.4 |          0.0 |          0.0 |        0.2 |          0.0 |          0.0 |       26.4 |        0.5 |        0.3 |          0.0 |         0.0 |          0.0 |         0.0 |         0.1 |           0.0 |         0.1 |

-====-====-====-====-====-====-====-====-====-====-====-====-====-

 EFFICIENCIES OF BKG EVENTS

                | DY0b       | DY1b       | DY2b       | WJetsIncl  | WJets10020 | WJets20040 | WJets40060 | WJets600In | TT         | TWtop      | TWantitop  | WWToLNuQQ  | WZTo1L1Nu2 | WZTo1L3Nu  | WZTo2L2Q   | ZZTo2L2Q   | ZZTo4L     | 
defaultBtagLLNoIso|0.0 (0.0 %) |0.0 (0.2 %) |0.0 (0.4 %) |0.0 (0.1 %) |0.0 (0.1 %) |0.0 (0.0 %) |0.0 (0.0 %) |0.0 (0.0 %) |0.1 (0.6 %) |0.0 (0.4 %) |0.0 (0.4 %) |0.0 (0.0 %) |0.0 (0.1 %) |0.0 (0.0 %) |0.0 (0.0 %) |0.0 (0.1 %) |0.0 (0.1 %) |
defaultBtagLLNoIsoBBTTCut|0.0 (0.0 %) |0.0 (0.1 %) |0.0 (0.1 %) |0.0 (0.1 %) |0.0 (0.0 %) |0.0 (0.0 %) |0.0 (0.0 %) |0.0 (0.0 %) |0.0 (0.1 %) |0.0 (0.1 %) |0.0 (0.1 %) |0.0 (0.0 %) |0.0 (0.0 %) |0.0 (0.0 %) |0.0 (0.0 %) |0.0 (0.0 %) |0.0 (0.0 %) |
defaultBtagLLNoIsoBBTTCutKine90|0.0 (0.0 %) |0.0 (0.0 %) |0.0 (0.1 %) |0.0 (0.0 %) |0.0 (0.0 %) |0.0 (0.0 %) |0.0 (0.0 %) |0.0 (0.0 %) |0.0 (0.0 %) |0.0 (0.0 %) |0.0 (0.0 %) |0.0 (0.0 %) |0.0 (0.0 %) |0.0 (0.0 %) |0.0 (0.0 %) |0.0 (0.0 %) |0.0 (0.0 %) |
defaultBtagMMNoIsoBBTTCutKine90|0.0 (0.0 %) |0.0 (0.0 %) |0.0 (0.1 %) |0.0 (0.0 %) |0.0 (0.0 %) |0.0 (0.0 %) |0.0 (0.0 %) |0.0 (0.0 %) |0.0 (0.0 %) |0.0 (0.0 %) |0.0 (0.0 %) |0.0 (0.0 %) |0.0 (0.0 %) |0.0 (0.0 %) |0.0 (0.0 %) |0.0 (0.0 %) |0.0 (0.0 %) |
defaultBtagLLNoIsoBBTTCutKine80|0.0 (0.0 %) |0.0 (0.0 %) |0.0 (0.0 %) |0.0 (0.0 %) |0.0 (0.0 %) |0.0 (0.0 %) |0.0 (0.0 %) |0.0 (0.0 %) |0.0 (0.0 %) |0.0 (0.0 %) |0.0 (0.0 %) |0.0 (0.0 %) |0.0 (0.0 %) |0.0 (0.0 %) |0.0 (0.0 %) |0.0 (0.0 %) |0.0 (0.0 %) |
defaultBtagMMNoIsoBBTTCutKine80|0.0 (0.0 %) |0.0 (0.0 %) |0.0 (0.1 %) |0.0 (0.0 %) |0.0 (0.0 %) |0.0 (0.0 %) |0.0 (0.0 %) |0.0 (0.0 %) |0.0 (0.0 %) |0.0 (0.0 %) |0.0 (0.0 %) |0.0 (0.0 %) |0.0 (0.0 %) |0.0 (0.0 %) |0.0 (0.0 %) |0.0 (0.0 %) |0.0 (0.0 %) |
defaultBtagLLNoIso_topUP       |0.0 (0.0 %) |0.0 (0.2 %) |0.0 (0.4 %) |0.0 (0.1 %) |0.0 (0.1 %) |0.0 (0.0 %) |0.0 (0.0 %) |0.0 (0.0 %) |0.1 (0.6 %) |0.0 (0.4 %) |0.0 (0.4 %) |0.0 (0.0 %) |0.0 (0.1 %) |0.0 (0.0 %) |0.0 (0.0 %) |0.0 (0.1 %) |0.0 (0.1 %) |
defaultBtagLLNoIso_topDOWN     |0.0 (0.0 %) |0.0 (0.2 %) |0.0 (0.4 %) |0.0 (0.1 %) |0.0 (0.1 %) |0.0 (0.0 %) |0.0 (0.0 %) |0.0 (0.0 %) |0.1 (0.6 %) |0.0 (0.4 %) |0.0 (0.4 %) |0.0 (0.0 %) |0.0 (0.1 %) |0.0 (0.0 %) |0.0 (0.0 %) |0.0 (0.1 %) |0.0 (0.1 %) |
defaultBtagLLNoIsoBBTTCut_topUP|0.0 (0.0 %) |0.0 (0.1 %) |0.0 (0.1 %) |0.0 (0.1 %) |0.0 (0.0 %) |0.0 (0.0 %) |0.0 (0.0 %) |0.0 (0.0 %) |0.0 (0.1 %) |0.0 (0.1 %) |0.0 (0.1 %) |0.0 (0.0 %) |0.0 (0.0 %) |0.0 (0.0 %) |0.0 (0.0 %) |0.0 (0.0 %) |0.0 (0.0 %) |
defaultBtagLLNoIsoBBTTCut_topDOWN|0.0 (0.0 %) |0.0 (0.1 %) |0.0 (0.1 %) |0.0 (0.1 %) |0.0 (0.0 %) |0.0 (0.0 %) |0.0 (0.0 %) |0.0 (0.0 %) |0.0 (0.1 %) |0.0 (0.1 %) |0.0 (0.1 %) |0.0 (0.0 %) |0.0 (0.0 %) |0.0 (0.0 %) |0.0 (0.0 %) |0.0 (0.0 %) |0.0 (0.0 %) |
defaultBtagLLNoIsoBBTTCutKine90_topUP|0.0 (0.0 %) |0.0 (0.0 %) |0.0 (0.1 %) |0.0 (0.0 %) |0.0 (0.0 %) |0.0 (0.0 %) |0.0 (0.0 %) |0.0 (0.0 %) |0.0 (0.0 %) |0.0 (0.0 %) |0.0 (0.0 %) |0.0 (0.0 %) |0.0 (0.0 %) |0.0 (0.0 %) |0.0 (0.0 %) |0.0 (0.0 %) |0.0 (0.0 %) |
defaultBtagLLNoIsoBBTTCutKine90_topDOWN|0.0 (0.0 %) |0.0 (0.0 %) |0.0 (0.1 %) |0.0 (0.0 %) |0.0 (0.0 %) |0.0 (0.0 %) |0.0 (0.0 %) |0.0 (0.0 %) |0.0 (0.0 %) |0.0 (0.0 %) |0.0 (0.0 %) |0.0 (0.0 %) |0.0 (0.0 %) |0.0 (0.0 %) |0.0 (0.0 %) |0.0 (0.0 %) |0.0 (0.0 %) |
defaultBtagMMNoIsoBBTTCutKine90_topUP  |0.0 (0.0 %) |0.0 (0.0 %) |0.0 (0.1 %) |0.0 (0.0 %) |0.0 (0.0 %) |0.0 (0.0 %) |0.0 (0.0 %) |0.0 (0.0 %) |0.0 (0.0 %) |0.0 (0.0 %) |0.0 (0.0 %) |0.0 (0.0 %) |0.0 (0.0 %) |0.0 (0.0 %) |0.0 (0.0 %) |0.0 (0.0 %) |0.0 (0.0 %) |
defaultBtagMMNoIsoBBTTCutKine90_topDOWN|0.0 (0.0 %) |0.0 (0.0 %) |0.0 (0.1 %) |0.0 (0.0 %) |0.0 (0.0 %) |0.0 (0.0 %) |0.0 (0.0 %) |0.0 (0.0 %) |0.0 (0.0 %) |0.0 (0.0 %) |0.0 (0.0 %) |0.0 (0.0 %) |0.0 (0.0 %) |0.0 (0.0 %) |0.0 (0.0 %) |0.0 (0.0 %) |0.0 (0.0 %) |
defaultBtagLLNoIsoBBTTCutKine80_topUP  |0.0 (0.0 %) |0.0 (0.0 %) |0.0 (0.0 %) |0.0 (0.0 %) |0.0 (0.0 %) |0.0 (0.0 %) |0.0 (0.0 %) |0.0 (0.0 %) |0.0 (0.0 %) |0.0 (0.0 %) |0.0 (0.0 %) |0.0 (0.0 %) |0.0 (0.0 %) |0.0 (0.0 %) |0.0 (0.0 %) |0.0 (0.0 %) |0.0 (0.0 %) |
defaultBtagLLNoIsoBBTTCutKine80_topDOWN|0.0 (0.0 %) |0.0 (0.0 %) |0.0 (0.0 %) |0.0 (0.0 %) |0.0 (0.0 %) |0.0 (0.0 %) |0.0 (0.0 %) |0.0 (0.0 %) |0.0 (0.0 %) |0.0 (0.0 %) |0.0 (0.0 %) |0.0 (0.0 %) |0.0 (0.0 %) |0.0 (0.0 %) |0.0 (0.0 %) |0.0 (0.0 %) |0.0 (0.0 %) |
defaultBtagMMNoIsoBBTTCutKine80_topUP  |0.0 (0.0 %) |0.0 (0.0 %) |0.0 (0.1 %) |0.0 (0.0 %) |0.0 (0.0 %) |0.0 (0.0 %) |0.0 (0.0 %) |0.0 (0.0 %) |0.0 (0.0 %) |0.0 (0.0 %) |0.0 (0.0 %) |0.0 (0.0 %) |0.0 (0.0 %) |0.0 (0.0 %) |0.0 (0.0 %) |0.0 (0.0 %) |0.0 (0.0 %) |
defaultBtagMMNoIsoBBTTCutKine80_topDOWN|0.0 (0.0 %) |0.0 (0.0 %) |0.0 (0.1 %) |0.0 (0.0 %) |0.0 (0.0 %) |0.0 (0.0 %) |0.0 (0.0 %) |0.0 (0.0 %) |0.0 (0.0 %) |0.0 (0.0 %) |0.0 (0.0 %) |0.0 (0.0 %) |0.0 (0.0 %) |0.0 (0.0 %) |0.0 (0.0 %) |0.0 (0.0 %) |0.0 (0.0 %) |

-====-====-====-====-====-====-====-====-====-====-====-====-====-

 OBSERVED NUMBER OF EVENTS

                | DsingleMuR | DsingleMuR | 
defaultBtagLLNoIso|       12.0 |     1797.0 |
defaultBtagLLNoIsoBBTTCut|        4.0 |      362.0 |
defaultBtagLLNoIsoBBTTCutKine90|        2.0 |      135.0 |
defaultBtagMMNoIsoBBTTCutKine90|        1.0 |       63.0 |
defaultBtagLLNoIsoBBTTCutKine80|        1.0 |       58.0 |
defaultBtagMMNoIsoBBTTCutKine80|          0.0 |       22.0 |
defaultBtagLLNoIso_topUP       |       12.0 |     1797.0 |
defaultBtagLLNoIso_topDOWN     |       12.0 |     1797.0 |
defaultBtagLLNoIsoBBTTCut_topUP|        4.0 |      362.0 |
defaultBtagLLNoIsoBBTTCut_topDOWN|        4.0 |      362.0 |
defaultBtagLLNoIsoBBTTCutKine90_topUP|        2.0 |      135.0 |
defaultBtagLLNoIsoBBTTCutKine90_topDOWN|        2.0 |      135.0 |
defaultBtagMMNoIsoBBTTCutKine90_topUP  |        1.0 |       63.0 |
defaultBtagMMNoIsoBBTTCutKine90_topDOWN|        1.0 |       63.0 |
defaultBtagLLNoIsoBBTTCutKine80_topUP  |        1.0 |       58.0 |
defaultBtagLLNoIsoBBTTCutKine80_topDOWN|        1.0 |       58.0 |
defaultBtagMMNoIsoBBTTCutKine80_topUP  |          0.0 |       22.0 |
defaultBtagMMNoIsoBBTTCutKine80_topDOWN|          0.0 |       22.0 |

-====-====-====-====-====-====-====-====-====-====-====-====-====-

 TOTALS

                | DATA       | bkg        | 
defaultBtagLLNoIso|       1809 |       1847 |
defaultBtagLLNoIsoBBTTCut|        366 |        377 |
defaultBtagLLNoIsoBBTTCutKine90|        137 |        140 |
defaultBtagMMNoIsoBBTTCutKine90|         64 |         75 |
defaultBtagLLNoIsoBBTTCutKine80|         59 |         53 |
defaultBtagMMNoIsoBBTTCutKine80|         22 |         29 |
defaultBtagLLNoIso_topUP|       1809 |       1831 |
defaultBtagLLNoIso_topDOWN|       1809 |       1874 |
defaultBtagLLNoIsoBBTTCut_topUP|        366 |        381 |
defaultBtagLLNoIsoBBTTCut_topDOWN|        366 |        373 |
defaultBtagLLNoIsoBBTTCutKine90_topUP|        137 |        141 |
defaultBtagLLNoIsoBBTTCutKine90_topDOWN|        137 |        140 |
defaultBtagMMNoIsoBBTTCutKine90_topUP|         64 |         76 |
defaultBtagMMNoIsoBBTTCutKine90_topDOWN|         64 |         75 |
defaultBtagLLNoIsoBBTTCutKine80_topUP|         59 |         53 |
defaultBtagLLNoIsoBBTTCutKine80_topDOWN|         59 |         54 |
defaultBtagMMNoIsoBBTTCutKine80_topUP|         22 |         30 |
defaultBtagMMNoIsoBBTTCutKine80_topDOWN|         22 |         29 |
