92	260	-0.775	4.22333	46.6	28.3796	18.9353	-45.4396	0.0330352	0.157927	0.862115
92	260	0	10.6567	110.592	27.2661	18.5643	-45.2901	0.0207975	0.096748	0.528003
92	260	0.775	4.54	46.275	26.8925	18.1161	-45.3263	0.0308465	0.147341	0.804309
92	285	-0.775	38.0233	118.108	8.17105	3.6881	-11.118	0.00476414	0.0215198	0.117457
92	285	0	91.8267	282.267	8.46627	3.70836	-11.1197	0.00329401	0.0140605	0.0767172
92	285	0.775	38.8033	118.292	7.85983	3.55059	-10.6883	0.00462418	0.0209327	0.114254
92	315	-0.775	96.83	145.5	4.00111	1.12463	-4.27946	0.00158955	0.00679076	0.0370662
92	315	0	232.117	352.608	4.07268	1.14899	-4.33503	0.00113939	0.00451802	0.0246531
92	315	0.775	95.9533	147	4.08317	1.12321	-4.24743	0.00160215	0.00681891	0.0372188
92	345	-0.775	203.34	200.083	2.62704	0.431094	-2.08822	0.000673336	0.00259676	0.0141749
92	345	0	485.783	486.867	2.67166	0.447159	-2.1859	0.000491569	0.00167892	0.00916216
92	345	0.775	202.777	199.433	2.65249	0.442748	-2.15781	0.000673824	0.00258395	0.0141044
92	375	-0.775	328.077	262.65	2.09926	0.231891	-1.38746	0.000367874	0.00122494	0.00668641
92	375	0	786.55	630.383	2.10907	0.238663	-1.41092	0.000287492	0.000832722	0.00454439
92	375	0.775	327.747	262.767	2.09789	0.230412	-1.38315	0.000370101	0.00123584	0.00674644
92	405	-0.775	333.307	246.608	1.87709	0.1647	-1.08459	0.000307124	0.000984736	0.00537582
92	405	0	800.16	594.35	1.86853	0.168871	-1.10055	0.000237527	0.000652726	0.00356258
92	405	0.775	333.56	248.717	1.84029	0.165319	-1.08691	0.000300632	0.00096639	0.00527573
92	435	-0.775	288.46	207.408	1.71182	0.123441	-0.892049	0.000266061	0.000831433	0.00453975
92	435	0	689.883	496.325	1.73304	0.130422	-0.912632	0.00021661	0.000586478	0.00320135
92	435	0.775	290.697	206.367	1.70202	0.122938	-0.882458	0.000265203	0.000829309	0.00452806
92	475	-0.775	359.207	258.783	1.58579	0.0983629	-0.754391	0.000217172	0.000626006	0.00341791
92	475	0	843.33	623.292	1.63403	0.101853	-0.775321	0.00018027	0.000438564	0.00239429
92	475	0.775	360.257	260.858	1.55304	0.101538	-0.76819	0.000209267	0.000599035	0.00327066
92	525	-0.775	233.787	177.067	1.49939	0.0752207	-0.633372	0.000216496	0.000648286	0.00353982
92	525	0	537.073	423.558	1.53093	0.0775351	-0.641182	0.000178281	0.000454773	0.00248315
92	525	0.775	233.54	179.058	1.52018	0.0789368	-0.659006	0.000218784	0.000651884	0.00355972
92	575	-0.775	149.677	124.375	1.40131	0.058098	-0.539413	0.00021319	0.000656052	0.00358285
92	575	0	335.35	296.733	1.41485	0.0679681	-0.576768	0.000190577	0.0005441	0.00297123
92	575	0.775	148.777	125.567	1.43873	0.0601584	-0.553576	0.000220568	0.000680274	0.00371514
92	650	-0.775	154.107	158.6	1.34334	0.0486414	-0.475867	0.000183834	0.000528722	0.00288747
92	650	0	334.12	380.2	1.35629	0.0532058	-0.492987	0.000171812	0.000469488	0.00256407
92	650	0.775	153.467	157.633	1.38759	0.0491314	-0.485207	0.000222263	0.000702717	0.00383784
92	750	-0.775	63.9967	93.6583	1.32218	0.0259943	-0.354202	0.000210762	0.000662881	0.00362054
92	750	0	132.327	230.55	1.31153	0.0390824	-0.400234	0.000235361	0.000785381	0.00428926
92	750	0.775	64.02	93.6667	1.26301	0.0359608	-0.391412	0.00024131	0.00082622	0.00451219
92	900	-0.775	40.6533	102.175	1.20739	0.0158255	-0.272352	0.000268832	0.000981885	0.00536306
92	900	0	80.6533	256.075	1.26741	0.0283419	-0.324628	0.000289247	0.00106487	0.00581582
92	900	0.775	41.1267	102	1.2204	0.027894	-0.336964	0.000255004	0.000908822	0.00496373
