5.99361e-06
0.000440258
0.00126433
0.00221477
0.001812
0.00254135
0.00276564
0.00582391
0.00328027
0.00710561
0.0102434
0.0133855
0.0138846
0.0141235
0.0147343
0.0154255
0.017587
0.0192191
0.0211161
0.0215211
0.0232603
0.0241013
0.0245893
0.0251641
0.0252727
0.0254711
0.0259478
0.0257631
0.0260505
0.0257268
0.0250122
0.0238032
0.0222644
0.0214963
0.0199263
0.0190093
0.0181048
0.0171982
0.0158612
0.0150154
0.0153186
0.016296
0.0177407
0.0198618
0.0225555
0.0253576
0.029321
0.0303693
0.0310085
0.0302265
0.026933
0.0235646
0.0181088
0.0147954
0.0115267
0.00826574
0.00587681
0.00397931
0.00270608
0.00196462
0.00138045
0.00103693
0.000772589
0.000611212
0.000471336
0.000324478
0.000254728
0.000188557
0.000176154
0.000155651
0.000113999
0.0001256
8.33647e-05
5.06885e-05
0.000122362
8.75955e-05
0.000111611
0.000103652
1.45846e-05
5.25157e-06
3.43573e-06
2.61446e-05
0.000118467
9.37094e-05
4.51834e-07
3.4943e-07
7.71972e-05
7.31975e-05
2.57275e-06
3.42096e-05
1.75547e-05
3.21315e-05
7.83069e-08
1.16253e-05
6.89155e-06
5.13022e-09
3.1344e-07
1.08193e-07
1.5403e-06
5.52986e-09