5.52237e-06
0.000274689
0.000990353
0.00116428
0.00191534
0.00236583
0.00204057
0.00381446
0.00166012
0.00526836
0.0102971
0.0123753
0.0100596
0.01442
0.0155889
0.0176669
0.0176825
0.0193937
0.0207402
0.021327
0.0229682
0.0234889
0.0250836
0.0256991
0.0250421
0.0259058
0.0262443
0.0261878
0.0266594
0.0264447
0.0257401
0.0245681
0.0234302
0.0218117
0.0198803
0.0191736
0.0176433
0.0177381
0.0166308
0.0159435
0.016207
0.0170025
0.0181692
0.0203014
0.0231001
0.0269854
0.0275509
0.0304598
0.0306482
0.0290602
0.0272111
0.020654
0.0196875
0.0152166
0.0117379
0.00857261
0.00604179
0.00405742
0.00285628
0.00198944
0.00144094
0.00101921
0.00078548
0.000472495
0.000353261
0.000348121
0.000255335
0.000200819
0.000194525
0.000182001
0.000172863
0.00011703
0.000153378
0.000167488
0.000114179
0.00010035
0.000116401
0.000121703
0.000149486
2.45415e-06
0.000157277
0.000103706
6.547e-06
0.00014394
1.42718e-06
8.3355e-07
0.000152456
9.63711e-05
2.01354e-05
0
0
0
0
2.55095e-06
1.51222e-06
8.8764e-07
1.03168e-06
0
0
5.14887e-09