3.67346e-06
0.000676435
0.000822735
0.00165855
0.00125986
0.00136313
0.00211072
0.00272226
0.0016362
0.00447217
0.00684798
0.0100293
0.0112363
0.0131773
0.0134492
0.0163919
0.0178449
0.0194072
0.0204199
0.0216527
0.0227464
0.0236242
0.0247291
0.0258459
0.0264824
0.0263608
0.0261511
0.0264173
0.027244
0.0268403
0.026265
0.0247477
0.0230725
0.0219689
0.0206977
0.0195527
0.0186328
0.0179355
0.0164027
0.0157666
0.0156357
0.0167813
0.0184262
0.0206293
0.0234323
0.0258773
0.029442
0.0320899
0.0317049
0.0311025
0.0259861
0.0240016
0.0193498
0.015635
0.011096
0.0085735
0.00603502
0.00395363
0.002817
0.00201657
0.00144349
0.00105996
0.000795456
0.000619171
0.000501153
0.000361782
0.000248837
0.000223111
0.000197828
0.000123867
0.00016484
0.000166322
9.50811e-05
0.000174539
0.000136947
4.39295e-05
4.25412e-05
5.84562e-05
1.34845e-05
3.59537e-06
1.95724e-06
9.51062e-06
4.04532e-06
8.43272e-05
1.12987e-06
2.43643e-06
9.3782e-05
1.90618e-07
1.19557e-07
7.44306e-08
7.10869e-05
2.85528e-08
0
3.923e-06
7.15565e-07
6.91172e-08
3.17316e-07
1.52125e-07
2.59891e-07
6.2335e-09