5.66915e-06
0.00107423
0.000765933
0.0012448
0.0010051
0.0022695
0.00289855
0.0031118
0.00213415
0.00587595
0.00922516
0.0122798
0.0126975
0.0136997
0.0137537
0.0159662
0.0174297
0.0194129
0.0207523
0.0216072
0.0227194
0.0242423
0.0250306
0.0253449
0.0261082
0.0254437
0.0261214
0.0262962
0.0263595
0.0261174
0.0257119
0.0243525
0.0232707
0.021884
0.0203828
0.0190818
0.0182197
0.0177126
0.0164104
0.0156508
0.0159687
0.016618
0.0180658
0.0202205
0.0225926
0.0261038
0.0281801
0.0312074
0.0322903
0.0296828
0.0267447
0.0236389
0.019364
0.0151401
0.0112991
0.00811031
0.00586435
0.00409053
0.00276584
0.00198746
0.00141343
0.00105101
0.000778196
0.00057477
0.000465691
0.000345635
0.000226592
0.000226126
0.000173173
0.000177445
0.000159868
0.000104823
0.000126559
6.91505e-05
6.6558e-05
3.7382e-05
3.23781e-05
0.000115166
0.000107911
8.14335e-06
4.71087e-06
2.60403e-06
2.43934e-06
0.000106973
1.31691e-06
8.81449e-06
2.33152e-06
3.0962e-07
2.62563e-07
2.69093e-07
3.51e-07
1.32406e-06
2.63915e-07
6.9612e-07
1.10044e-06
1.61148e-08
1.69981e-07
9.74221e-09
2.27035e-07
7.07909e-09