4.79926e-06
0.000602903
0.000722298
0.00119501
0.00129662
0.00197661
0.00216174
0.0029999
0.00187143
0.0059916
0.00895105
0.0117178
0.012675
0.0135624
0.0143148
0.0156432
0.0174549
0.0193834
0.0211188
0.0221238
0.0231788
0.0242952
0.0252102
0.0255234
0.0259429
0.0257526
0.0261091
0.0261848
0.0261954
0.0260958
0.0254865
0.0244031
0.0232769
0.0218794
0.0204019
0.019157
0.0183141
0.0175164
0.0165996
0.0158678
0.0159512
0.0167281
0.0179288
0.0199081
0.0229452
0.0259963
0.0295262
0.0311259
0.0316334
0.0304697
0.0265979
0.0230235
0.0193155
0.0151937
0.0115013
0.00829873
0.00587093
0.00402259
0.00279264
0.001963
0.00139851
0.00103315
0.000773999
0.000591636
0.000460494
0.000331284
0.000232661
0.000206797
0.000175363
0.000158149
0.000139952
0.000102082
0.000113112
8.86832e-05
6.89758e-05
6.42961e-05
3.36104e-05
2.44366e-05
1.96792e-05
7.75774e-06
4.36453e-06
4.3249e-06
4.66477e-06
1.99862e-06
2.13781e-06
1.06995e-06
7.13162e-07
5.84182e-07
2.40505e-07
4.06499e-07
3.07593e-07
1.42355e-06
5.86508e-07
5.28283e-07
7.53863e-08
1.17009e-08
2.83986e-07
3.23936e-08
9.40891e-09
5.59133e-09