5.50518e-06
0.000625336
0.000964817
0.0010495
0.00115628
0.00130197
0.0018582
0.00436228
0.00250851
0.00554054
0.00835809
0.01071
0.0139219
0.0149612
0.0151703
0.0161188
0.0180817
0.0192832
0.0210208
0.0222895
0.0233046
0.0235616
0.0247095
0.0255676
0.0251997
0.0259823
0.0259304
0.0261089
0.026069
0.0258259
0.0252827
0.024381
0.0226338
0.0215073
0.0202788
0.018866
0.0180613
0.0174521
0.016553
0.0157891
0.0160543
0.0167499
0.0182117
0.0202006
0.022953
0.0259516
0.0287828
0.0316387
0.0313527
0.0298267
0.0274691
0.0238029
0.0187678
0.0146971
0.0116206
0.00841125
0.0059367
0.00404159
0.00261881
0.00197757
0.00135112
0.00105315
0.000784133
0.000591032
0.000478603
0.000348919
0.000221085
0.000219921
0.000180676
0.000164255
0.000155736
0.000148039
7.10995e-05
0.000120936
4.01093e-05
0.000100597
3.35834e-05
0.000101931
2.40015e-05
2.96456e-05
5.07139e-06
7.48967e-05
2.27724e-06
5.5594e-05
9.55486e-07
6.19129e-07
2.20026e-06
1.92525e-07
4.29024e-07
7.61069e-05
9.37303e-05
2.85935e-05
0
5.1726e-06
1.22654e-05
3.13023e-07
6.97318e-07
2.40699e-06
1.3707e-06
7.02356e-09