6.17534e-06
0.000464044
0.00091504
0.0012061
0.000891355
0.00208853
0.0016955
0.0022511
0.00241597
0.00548151
0.00958978
0.0130922
0.0127053
0.0142939
0.0138354
0.0153373
0.0173334
0.0196517
0.0211155
0.0217109
0.0227477
0.0234823
0.0249537
0.0254212
0.0256283
0.0263232
0.0261051
0.0262128
0.0264529
0.0262444
0.025226
0.0244824
0.0232255
0.0215827
0.0206039
0.0190416
0.0185646
0.0176115
0.0166499
0.0158709
0.0160803
0.0166035
0.0178938
0.0200616
0.0232757
0.0260845
0.0292314
0.0315834
0.0316625
0.0311846
0.0261957
0.0227556
0.0189757
0.0150634
0.011434
0.00844421
0.00580444
0.00412526
0.002865
0.00195785
0.00143182
0.00104386
0.000749291
0.00054165
0.000480925
0.000349915
0.000259941
0.000213855
0.000186079
0.000147301
0.000160025
8.74944e-05
0.00010062
7.72814e-05
5.23698e-05
8.58458e-05
0.000113855
2.07556e-05
2.60495e-05
9.54233e-06
5.06113e-06
4.55464e-06
3.1095e-06
7.00428e-07
1.3646e-06
1.19353e-06
7.43048e-07
3.57758e-07
5.58581e-07
2.08876e-05
1.57204e-05
6.16589e-06
1.7391e-06
8.00812e-08
6.28459e-09
1.35844e-06
1.50369e-07
3.63329e-06
4.13807e-07
6.66406e-09