4.26432e-06
0.000676844
0.000765924
0.000967717
0.00107035
0.0017447
0.00251949
0.0036142
0.00250957
0.0091189
0.0105526
0.0128349
0.0113931
0.0142531
0.0147126
0.0157155
0.0173808
0.0203065
0.0213347
0.0218049
0.0228298
0.0239115
0.0243847
0.0253886
0.0255022
0.0257005
0.0258265
0.0260304
0.0258574
0.0259086
0.0253395
0.0240967
0.0224983
0.0218273
0.0202413
0.0190591
0.0182127
0.0174481
0.0164006
0.0158371
0.0159731
0.0166565
0.0181508
0.0199102
0.0223691
0.0258426
0.0294529
0.0311652
0.0314925
0.0294316
0.0264131
0.0233769
0.0187816
0.0144074
0.0113943
0.00846674
0.00593577
0.00409098
0.00281194
0.00196569
0.00140766
0.000962292
0.000789507
0.000547507
0.000441201
0.000354249
0.00024759
0.000194961
0.000185589
0.000179277
0.000151925
0.000136603
0.000160272
0.000131826
0.000122325
4.72875e-05
5.03745e-05
2.434e-05
2.42797e-05
0.000115872
4.51497e-06
8.55709e-06
2.9983e-06
1.3155e-06
2.10635e-06
4.47023e-07
7.53578e-07
2.88417e-07
1.6774e-05
9.40781e-08
0
6.30121e-07
1.10444e-05
3.96684e-06
0
7.13345e-09
5.01347e-07
3.84564e-07
2.18996e-07
6.6127e-09