4.91211e-06
0.000686528
0.00141385
0.00170719
0.00113593
0.00205536
0.00227309
0.00246106
0.00200388
0.00651541
0.00971967
0.0127663
0.0123857
0.0137543
0.0144292
0.016144
0.0171889
0.0188546
0.0206745
0.0215946
0.0229955
0.0240513
0.0250423
0.0253616
0.0255248
0.0255825
0.025992
0.0262508
0.0263215
0.026085
0.0254432
0.0241856
0.0233742
0.0219839
0.0205118
0.0191546
0.0182394
0.0176654
0.0166961
0.015847
0.0158001
0.0162751
0.0179152
0.0200438
0.0227788
0.0263902
0.0294124
0.0298953
0.0317357
0.0309564
0.0258347
0.023367
0.0194074
0.0154213
0.011333
0.00830304
0.00576913
0.00410773
0.0028083
0.00199318
0.00142397
0.00103303
0.000802241
0.000600171
0.000407866
0.000343116
0.000238045
0.000225683
0.000198418
0.00015388
0.000127235
0.000119783
0.000100485
9.56146e-05
0.000123406
8.65396e-05
7.44854e-05
3.74346e-05
1.67389e-05
1.20763e-05
2.06616e-06
3.95625e-05
6.18448e-06
2.40302e-06
2.41039e-05
5.3586e-06
3.20534e-07
1.32419e-06
3.31403e-07
3.15739e-05
1.12313e-07
1.77936e-05
9.21802e-06
7.72531e-06
4.88233e-08
1.9201e-06
3.55039e-07
1.49786e-06
2.55893e-06
3.04934e-09