0.00264088
0.0538276
0.0478196
0.0353424
0.0235138
0.0222663
0.0187299
0.0179223
0.00875162
0.0210077
0.0212584
0.0212697
0.0189547
0.0167092
0.0154277
0.015087
0.015442
0.0161085
0.0166765
0.017006
0.0173722
0.0176673
0.0180219
0.0181673
0.0181687
0.0181479
0.0181851
0.0181042
0.0182154
0.0178999
0.0174548
0.0167135
0.0158546
0.0148328
0.0138387
0.0130273
0.0123826
0.0119269
0.0112621
0.0107155
0.0108445
0.011315
0.0122665
0.0137253
0.0155972
0.0179542
0.0203328
0.0214296
0.0217977
0.0209671
0.0191062
0.0165295
0.0136055
0.0107179
0.00816005
0.00585607
0.00414898
0.00283205
0.00197057
0.00137865
0.000990141
0.000729101
0.000548745
0.000428162
0.000343782
0.000245018
0.000178347
0.000153931
0.000136932
0.000125857
0.000117471
0.000112829
0.000110393
0.000110894
9.16023e-05
7.637e-05
8.01798e-05
7.90198e-05
8.26697e-05
8.72731e-05
8.28036e-05
8.60995e-05
8.67205e-05
7.10184e-05
5.7846e-05
7.37707e-05
6.4527e-05
5.77847e-05
5.66919e-05
5.06367e-05
7.12711e-05
5.07314e-05
2.62816e-05
1.37661e-05
6.52851e-05
0
0
0
0
0