7.45787e-06
0.00305166
0.00263804
0.00163295
0.00113315
0.00109391
0.00173121
0.00398223
0.00125019
0.00162772
0.00645677
0.0129755
0.0149347
0.018871
0.0175407
0.0174531
0.0200228
0.0200452
0.022132
0.0217323
0.0226264
0.0227315
0.0237813
0.0254761
0.0244818
0.0244474
0.0255233
0.024907
0.0253864
0.0256875
0.0254081
0.0235006
0.0230631
0.0216681
0.0175814
0.0190926
0.0184425
0.0175565
0.0164943
0.0157412
0.0156564
0.0169163
0.0182605
0.0200143
0.0234067
0.0261709
0.0299426
0.0323636
0.0318974
0.0312506
0.0176419
0.0241837
0.0203156
0.0152518
0.0117198
0.00853681
0.00599277
0.00418978
0.00295992
0.00196596
0.00142932
0.00105355
0.000804034
0.000608829
0.000500085
0.00034624
0.000255313
0.000213132
0.000218263
0.000185307
0.000171759
0.000142296
0.000148875
0.000163934
0.000128239
0.000106276
0.000169202
6.61618e-06
7.56876e-05
8.95726e-05
0.000106861
0.000176157
0.000230971
0
3.24474e-05
6.25166e-05
0
2.51842e-05
0
0
0
0
2.22722e-06
0
0
0
2.69604e-07
0
0
4.97846e-09