1.05069e-05
0.0492404
0.0365448
0.0228783
0.0167435
0.018408
0.0133167
0.0155154
0.00563999
0.0167966
0.0165382
0.016178
0.0145295
0.0128093
0.0114976
0.0107144
0.0132114
0.0148289
0.0160232
0.0172473
0.0197313
0.0206305
0.0208441
0.0214679
0.022007
0.0174086
0.0218575
0.0217545
0.0223217
0.0210941
0.0208096
0.0198448
0.018624
0.0174865
0.0160305
0.0155531
0.0146583
0.0133223
0.0134883
0.0126965
0.0125568
0.0133618
0.0147851
0.0158742
0.018999
0.0214221
0.0240978
0.0254469
0.0167319
0.0245623
0.0225014
0.0187377
0.0160077
0.0125129
0.00965393
0.00465598
0.00477871
0.00334834
0.00234685
0.00160275
0.00120758
0.000841119
0.000668704
0.00035892
0.000411414
0.000287026
0.000210977
0.000173703
0.000158439
3.4257e-05
0.000136694
0.000112785
0.000148102
0.000109182
9.88347e-05
0.000105957
8.87866e-05
7.50994e-05
4.64967e-06
9.06466e-05
3.53109e-07
9.24359e-05
9.0899e-05
0.000118428
3.83092e-05
4.9207e-05
0
0
0
8.0419e-08
0
0
0
0
0
0
0
0
2.31737e-08
9.7964e-09