9.2312e-06
9.09237e-05
0.000546596
0.00269315
0.00168455
0.001444
0.00165171
0.0025452
0.0011037
0.00309555
0.00500608
0.0127586
0.0122847
0.0121568
0.0129393
0.0127292
0.0177531
0.0184299
0.0209347
0.0212463
0.0222763
0.0244521
0.024881
0.02585
0.0264182
0.0267409
0.0266842
0.0273001
0.0255686
0.0254139
0.0262531
0.0251094
0.0230851
0.0219785
0.0215952
0.0196665
0.0187611
0.0175233
0.0150062
0.0158413
0.0165771
0.0163736
0.0183268
0.0206989
0.0232736
0.0282677
0.0305851
0.0323178
0.0333202
0.0313503
0.0280199
0.0242598
0.0191937
0.0136585
0.0119519
0.00835038
0.00597384
0.00426308
0.00286526
0.00200104
0.00120021
0.00104987
0.000800488
0.000640098
0.000526445
0.00034727
0.000212041
0.000210244
0.000205844
0.000122677
0.000170006
7.53836e-05
0.000152323
4.87699e-05
0.000123088
0.000112256
1.64185e-05
9.54765e-05
0.000302954
0.000100837
3.1031e-07
0.000176276
0.000115563
3.76404e-05
0
2.08529e-05
1.1795e-07
0
0
0
0
0
0
0
0
0
0
0
0
7.11686e-09