0.00303834
0.0567978
0.0391427
0.0372897
0.0203074
0.0218714
0.0199688
0.017493
0.00863108
0.0198666
0.0217538
0.0212464
0.0192282
0.0166327
0.0156554
0.0151421
0.0155519
0.0163256
0.0167716
0.0170158
0.017588
0.0178904
0.0180963
0.018356
0.0183617
0.0184451
0.0183967
0.0182419
0.0185176
0.018006
0.0176793
0.0169273
0.0160123
0.0149763
0.0139251
0.01312
0.0125453
0.0120689
0.0113636
0.0107448
0.0109836
0.0114533
0.0124522
0.0138518
0.0158094
0.0181268
0.0205189
0.0216442
0.0221734
0.0209505
0.0192203
0.0168147
0.0137841
0.0108563
0.00831821
0.00592161
0.00422282
0.00284995
0.00199628
0.00139807
0.000997229
0.000735986
0.000561536
0.000427747
0.0003476
0.000244131
0.000181386
0.000154576
0.000138813
0.000122187
0.000118712
0.000112382
0.000104784
0.00012204
9.14375e-05
8.07889e-05
8.23531e-05
9.46749e-05
9.04633e-05
9.91133e-05
8.08499e-05
7.70055e-05
9.08702e-05
8.87926e-05
6.38283e-05
5.2705e-05
0.000117557
4.95407e-05
9.31574e-05
0
8.91086e-06
2.17469e-05
0
7.86807e-06
0
0
0
0
0
0