5.18781e-06
0.000663404
0.000931809
0.00104993
0.00131217
0.00217302
0.00227967
0.00284698
0.00232481
0.00715241
0.0104467
0.0122411
0.0127612
0.0134228
0.0134105
0.0153515
0.016987
0.0187792
0.0207359
0.0219102
0.0230067
0.0239712
0.0250967
0.0253958
0.0259506
0.0259803
0.026123
0.0260143
0.0263442
0.0261279
0.0252473
0.0244791
0.0229167
0.0216986
0.02038
0.01931
0.0183566
0.017635
0.0165326
0.0158038
0.0158372
0.0164633
0.0179518
0.020383
0.0229256
0.0260732
0.0297638
0.0307544
0.0302543
0.0301238
0.0271943
0.0235322
0.0194547
0.0151501
0.011656
0.00833405
0.00586128
0.00405855
0.0028381
0.00198564
0.00141457
0.00102568
0.000776631
0.000581264
0.00048143
0.00032886
0.000244014
0.000191192
0.000162284
0.000165916
0.000139924
0.000141991
0.000123374
0.000124971
6.3465e-05
6.66676e-05
3.66127e-05
8.95219e-05
2.21185e-05
7.18456e-06
4.54585e-06
1.85383e-06
2.37675e-06
2.39435e-06
1.10812e-06
7.77588e-07
5.07546e-07
4.41409e-07
1.78313e-06
2.47417e-07
1.50323e-05
6.59824e-07
2.07872e-05
1.17392e-07
7.37667e-06
7.54344e-09
3.66005e-07
2.20169e-08
4.3966e-07
6.4535e-09