5.02341e-06
0.000949237
0.00090855
0.0015345
0.00144154
0.00125798
0.00157032
0.00239142
0.00152425
0.00369516
0.00890974
0.0116111
0.0124185
0.0147126
0.0167159
0.0163801
0.0186461
0.0201643
0.0217529
0.0227677
0.0236202
0.0245972
0.0242765
0.0254615
0.0257272
0.0266906
0.02639
0.0266657
0.0267178
0.0260291
0.025565
0.0238872
0.0230173
0.0217783
0.0204108
0.01916
0.0182893
0.0172443
0.0154748
0.0157167
0.0152033
0.0161851
0.0174407
0.0199962
0.0227722
0.0260499
0.0295881
0.0284939
0.0304987
0.0306168
0.0273495
0.0237096
0.0192875
0.0152252
0.0117012
0.00832865
0.00588409
0.00404022
0.00275537
0.00188663
0.00138911
0.00103556
0.000709795
0.000614307
0.000492492
0.000351139
0.000231985
0.000157222
0.000190487
0.000163803
0.000125578
6.33139e-05
0.000136999
3.62205e-05
0.000131861
0.000101577
6.80931e-05
0.000126703
0.000111212
5.51719e-06
2.51031e-06
2.43652e-06
8.68649e-05
0.000169758
9.55017e-07
0.000123436
7.8663e-05
3.25532e-07
0.000124672
3.87324e-05
4.2251e-08
2.91037e-05
0
0
6.24214e-06
3.66399e-06
2.12928e-07
3.09335e-09
3.48788e-07
7.56132e-09