4.99279e-06
0.000575075
0.000821428
0.00117001
0.00145148
0.00184826
0.00245217
0.00244316
0.00191907
0.00627124
0.00929311
0.0118976
0.0130139
0.0131561
0.01427
0.0152597
0.0174756
0.0191967
0.0210862
0.0219232
0.0230779
0.0239909
0.0250107
0.0255387
0.0258979
0.0260562
0.026206
0.0262173
0.0264346
0.0260192
0.0253242
0.0243552
0.0230302
0.0217832
0.0202586
0.0191228
0.0182007
0.0175437
0.0165207
0.0157575
0.015997
0.0165894
0.0179859
0.0199946
0.0229234
0.0263837
0.0295802
0.0311659
0.0315804
0.0299675
0.0273157
0.0236182
0.0192529
0.0151292
0.0116034
0.0082015
0.00580876
0.0040791
0.0028436
0.00197651
0.00139404
0.00101
0.000785827
0.000583973
0.000466648
0.000344089
0.000242729
0.000192873
0.000175582
0.000165439
0.000147205
0.000102897
0.000138462
9.3398e-05
8.19758e-05
5.64507e-05
2.94456e-05
3.42514e-05
4.65568e-05
1.04382e-05
3.65765e-06
2.64151e-06
3.06714e-06
1.03077e-06
6.31094e-06
9.26801e-07
1.098e-06
4.02337e-07
2.61168e-07
9.69215e-07
4.45051e-07
2.76895e-07
1.1924e-06
3.32237e-07
3.92479e-07
1.4863e-08
3.88957e-07
1.51841e-06
4.84221e-07
6.02763e-09