0.00251253
0.0842191
0.0520875
0.0326086
0.0203235
0.0212337
0.0149577
0.01561
0.00951869
0.0172956
0.0196774
0.0221363
0.0195851
0.0162732
0.015275
0.0144506
0.0151895
0.0157674
0.0159868
0.0161408
0.0168364
0.0173803
0.0175669
0.0175701
0.0177503
0.0177756
0.0177775
0.0175404
0.0178394
0.0172657
0.0172831
0.0163005
0.0153114
0.0144044
0.0134522
0.0126972
0.0121769
0.0117188
0.0110171
0.0103537
0.010666
0.010917
0.0118847
0.0134456
0.0150386
0.0175325
0.0200595
0.0208652
0.0209714
0.0204132
0.018775
0.015944
0.013368
0.0105618
0.00802542
0.00554054
0.00400446
0.00274858
0.00187623
0.00131251
0.000961458
0.000727796
0.000524475
0.000404778
0.000339942
0.000245016
0.000176158
0.000151372
0.000139611
0.000125215
0.000109025
0.000110341
9.4991e-05
0.000114511
8.54115e-05
8.91271e-05
6.87657e-05
8.41553e-05
9.05719e-05
6.0293e-05
0.00014386
7.90497e-05
0.000155471
6.75184e-05
0
0
0
3.39039e-05
0
0
0
0
0
0
0
0
0
0
0
0