0.0020021
0.0629155
0.0259412
0.0313201
0.0294162
0.0235203
0.0197017
0.0203327
0.00941882
0.021281
0.0213987
0.0231117
0.0187471
0.0169499
0.0154543
0.0151947
0.0152531
0.0163333
0.0171933
0.0173852
0.0172805
0.0180106
0.0181261
0.0185003
0.0183996
0.0179902
0.0181215
0.0182447
0.0181499
0.0179031
0.0174519
0.0167914
0.0158317
0.0147693
0.014028
0.013114
0.0125493
0.0117465
0.0112824
0.0109179
0.0110001
0.0112751
0.0123815
0.0138957
0.0156326
0.0180262
0.0201704
0.0216059
0.0221376
0.0213065
0.0195123
0.0167702
0.0137011
0.0106423
0.00813367
0.00602327
0.0042215
0.00290015
0.00198885
0.00135115
0.000976641
0.000733981
0.000553804
0.000428876
0.000336329
0.000243414
0.000171412
0.000149638
0.000141937
0.000128868
0.000119537
0.000106223
0.000109878
0.000111948
8.53746e-05
5.5637e-05
6.18789e-05
9.11583e-05
9.36849e-05
0.00016215
8.95584e-05
0.000177161
7.74292e-05
3.78295e-05
0
0
0
0
0
0
0
0
0
0
0
0
0
0
0
0