0.00253645
0.0408756
0.0410809
0.0440881
0.0245381
0.0226807
0.0174674
0.0179076
0.008926
0.0207659
0.0207527
0.0217881
0.0195876
0.016903
0.0155931
0.0152667
0.0156439
0.0164026
0.0169517
0.0173427
0.0175625
0.0178652
0.0181599
0.0183692
0.0184854
0.0183499
0.0185083
0.0185184
0.0185182
0.0182988
0.017727
0.017025
0.0158788
0.014986
0.0140708
0.0133296
0.0127062
0.0120862
0.0114118
0.0107933
0.0110233
0.0114824
0.0123432
0.0139163
0.0158579
0.0182942
0.0206491
0.0217457
0.0223351
0.0213585
0.0193782
0.0168139
0.0138913
0.0107793
0.00830059
0.00600954
0.00416671
0.002886
0.00196652
0.00140454
0.00100723
0.000739055
0.00055577
0.000435755
0.00034475
0.000252425
0.000182914
0.000152374
0.000139309
0.000129919
0.000123962
0.000118401
0.000110862
0.000108787
9.30837e-05
8.53317e-05
7.23132e-05
8.10443e-05
8.16379e-05
9.78222e-05
8.72778e-05
9.97532e-05
0.000163491
6.39013e-05
4.13417e-05
6.63778e-05
8.46023e-05
5.34793e-05
3.35212e-05
4.16568e-05
0
0
0
0
0
0
0
0
0
0