0.00379704
0.0391617
0.0674717
0.0432698
0.0238031
0.0209066
0.0188139
0.0187621
0.00816595
0.0216161
0.0202956
0.0213688
0.0190442
0.0162299
0.0151491
0.014967
0.0151739
0.0157694
0.016337
0.0165712
0.0171103
0.0173186
0.0175305
0.0177861
0.0177937
0.0178178
0.0177835
0.0177543
0.0179547
0.0173696
0.0171209
0.0163779
0.0155242
0.0146085
0.0135711
0.0129056
0.0121012
0.0117505
0.0111435
0.0105615
0.0106588
0.0110079
0.0119394
0.0135486
0.0153016
0.0176439
0.0199814
0.0209773
0.0214477
0.0206045
0.0185829
0.0164053
0.013256
0.0106224
0.00793464
0.00574396
0.0040196
0.00277551
0.00193131
0.00136914
0.000978717
0.000717855
0.000544919
0.000415145
0.000341957
0.000238596
0.00017715
0.000146786
0.000135421
0.0001283
0.000116481
0.000113901
0.000107039
0.0001161
9.08324e-05
7.7148e-05
7.81256e-05
8.01781e-05
7.03934e-05
8.00055e-05
9.45251e-05
0.000159284
0.000104424
8.746e-05
7.92167e-05
8.47929e-05
0.00016211
0.000102474
2.14105e-05
0
2.45759e-05
1.49943e-05
0
0
0
0
0
0
0
0