0.00284961
0.0586375
0.050999
0.034962
0.0228467
0.0220732
0.0177396
0.0184764
0.00865023
0.0203158
0.0216465
0.0212478
0.0187346
0.0166421
0.0152229
0.0149031
0.0153957
0.0159493
0.0165575
0.0169358
0.0172012
0.0175942
0.0178615
0.0180455
0.0180129
0.0179917
0.0179277
0.0179344
0.0181575
0.0177767
0.0173272
0.0165359
0.0157388
0.0147328
0.0137376
0.0129135
0.0122653
0.0118291
0.0111766
0.0106479
0.010799
0.0112404
0.0121479
0.0135239
0.0154463
0.0178175
0.0201168
0.0211586
0.021669
0.0207307
0.018986
0.0163575
0.0133959
0.0106436
0.00811376
0.00581409
0.00411638
0.00281358
0.0019523
0.00137095
0.000983956
0.00071936
0.000545858
0.000423379
0.000341006
0.000244534
0.000176473
0.000153593
0.000136694
0.000123552
0.000117057
0.000111577
0.000112045
0.000109978
8.67069e-05
7.84255e-05
7.78917e-05
8.27532e-05
7.90698e-05
8.09594e-05
9.2363e-05
8.44338e-05
9.36748e-05
7.73939e-05
5.40239e-05
5.73239e-05
6.00157e-05
5.31125e-05
4.7559e-05
0.000103428
6.36888e-05
0
1.56571e-05
0
0
4.89201e-06
0
0
0
0