0.00252047
0.0599695
0.0486803
0.0379955
0.0224044
0.0219592
0.0181977
0.0173757
0.00855521
0.0208006
0.0212562
0.0212699
0.0188368
0.0164954
0.0152328
0.0149584
0.0152852
0.016024
0.0165532
0.0168239
0.0171817
0.0175
0.0178261
0.0180176
0.0179895
0.0180094
0.0179984
0.0179384
0.018048
0.0177386
0.01734
0.0165413
0.0157031
0.0146829
0.0137201
0.0129066
0.0122893
0.0118179
0.0111638
0.0106204
0.010739
0.0112436
0.0121498
0.0135924
0.015497
0.0177762
0.0200908
0.0211774
0.0216906
0.0206438
0.0189761
0.0163285
0.0134523
0.0106175
0.00804446
0.00582068
0.00410289
0.00281649
0.00194397
0.00136492
0.000980444
0.000717821
0.000543799
0.000424189
0.00034166
0.000241099
0.000175964
0.000153001
0.000137126
0.000125618
0.000118204
0.000112841
0.000110414
0.000109804
9.21634e-05
7.69866e-05
7.57718e-05
7.35021e-05
8.18067e-05
8.43039e-05
8.27383e-05
8.54501e-05
7.8145e-05
7.29851e-05
5.40572e-05
8.67936e-05
5.94089e-05
6.14518e-05
5.77777e-05
4.6459e-05
6.94779e-05
5.9346e-05
2.24178e-05
5.36789e-05
0
3.73567e-05
0
0
0
0