7.37025e-06
0.00103873
0.000976185
0.00162692
0.00219451
0.00321218
0.00223179
0.0037271
0.00284922
0.00606379
0.0084893
0.0134065
0.0130696
0.0140124
0.0141851
0.0142515
0.0174147
0.0198177
0.0209604
0.0222666
0.0232623
0.0240362
0.0247268
0.025312
0.0259225
0.0254496
0.0259886
0.0258992
0.0260493
0.0258703
0.0250761
0.0239287
0.0229826
0.0216271
0.0202947
0.0190753
0.0181576
0.0173747
0.0163875
0.0156975
0.0158735
0.0166197
0.0180489
0.0199292
0.0230396
0.0263194
0.0284096
0.0306189
0.0312612
0.0301709
0.0269444
0.0229871
0.0192409
0.0146346
0.0115758
0.0082459
0.0059531
0.00402036
0.00277398
0.0019731
0.00137711
0.00105197
0.00076703
0.000601382
0.000456946
0.000334807
0.000242029
0.00021901
0.00019378
0.0001678
0.000121318
0.000102322
0.000115795
0.000100163
0.000126999
3.25787e-05
5.15523e-05
0.000131127
4.72343e-05
8.61964e-06
4.79518e-06
3.27562e-06
3.01712e-06
1.66859e-06
1.22532e-06
3.60682e-07
7.72314e-05
1.85134e-07
1.19115e-07
3.91229e-07
5.85415e-05
2.38116e-05
1.43916e-05
0
1.96427e-07
5.56859e-09
2.90351e-07
7.33337e-08
5.70734e-07
6.74882e-09