6.09574e-06
0.00396261
0.00283856
0.000441465
0.00253969
0.0056722
0.00513633
0.00290704
0.00312049
0.00249603
0.00756972
0.0108254
0.0140462
0.015586
0.0111287
0.0165032
0.0181276
0.0191531
0.0212153
0.0216144
0.0227571
0.0233007
0.0244266
0.0251096
0.0255039
0.025752
0.0234208
0.0262011
0.0265984
0.0257377
0.0253462
0.0243809
0.0211705
0.0212057
0.0199173
0.0189348
0.0184629
0.0170233
0.0164238
0.0156655
0.0155068
0.0165265
0.0178433
0.0201473
0.0234238
0.0265907
0.0276704
0.0322507
0.0295042
0.0305818
0.0271876
0.0234308
0.019596
0.0155332
0.0116508
0.008265
0.00607093
0.00406325
0.00271555
0.00207398
0.00136542
0.00104443
0.000805721
0.000624273
0.000357785
0.000302504
0.000263805
0.000193829
0.000208112
0.000179
0.000154852
2.29088e-05
0.000160571
0.000185309
0.000113051
0.000114736
9.86831e-05
0.000140091
0.000106344
0.000155743
0.000103224
0.000226882
1.69023e-06
0.00014534
1.13493e-07
6.03889e-05
1.14879e-06
7.36069e-08
0
0
0
0
0
2.57576e-06
3.72422e-08
0
0
0
0
5.34336e-09