3.8219e-06
0.000673682
0.000582973
0.00124485
0.00108896
0.00191601
0.00304935
0.0021684
0.00153198
0.0061464
0.00973881
0.0130732
0.013161
0.0126279
0.0141377
0.0152228
0.017392
0.0185547
0.021023
0.0211086
0.0226626
0.0239495
0.0250612
0.0256864
0.0262274
0.026146
0.0260944
0.0259643
0.0267861
0.0260054
0.0250094
0.0244543
0.0234315
0.0220359
0.0202748
0.0192396
0.0183991
0.0178277
0.016332
0.0159456
0.0159176
0.0166137
0.0182556
0.0199605
0.0232774
0.0265966
0.0295816
0.0313463
0.0326741
0.0295808
0.0262036
0.0226687
0.0179627
0.0155737
0.0118591
0.00810606
0.00586235
0.00411091
0.00284845
0.00197106
0.00144915
0.00106547
0.000794497
0.000616548
0.0004729
0.000331554
0.00022469
0.000223934
0.000189292
0.00016995
0.000164393
0.000151136
6.34708e-05
5.01432e-05
0.000129147
0.000112515
0.000109685
0.000115885
0.000130227
0.000127068
5.57383e-06
2.44651e-06
1.69062e-06
8.24409e-05
1.40007e-05
7.99268e-05
5.73026e-05
4.13971e-05
1.26399e-07
2.25719e-05
2.71472e-07
2.12008e-05
2.56273e-05
9.16427e-09
8.6612e-08
1.33453e-06
2.82016e-07
8.92336e-07
1.01631e-06
6.29497e-09