5.87143e-06
0.000659512
0.00183305
0.00114346
0.00183472
0.00296411
0.00465121
0.0028517
0.001479
0.0101982
0.0127233
0.0132457
0.0120062
0.0129066
0.0131293
0.0152917
0.0159544
0.0196358
0.021231
0.0221477
0.0232074
0.0237526
0.0248727
0.0255418
0.0255097
0.0255489
0.0263168
0.0256346
0.0263336
0.0259394
0.0249193
0.0242121
0.0228617
0.0216022
0.0202725
0.0186734
0.0178514
0.017321
0.0162531
0.0155346
0.0157833
0.0163275
0.0178896
0.0198711
0.0224499
0.0247319
0.0297439
0.0299992
0.0317719
0.0299246
0.0272443
0.0226038
0.0182519
0.0149673
0.0116261
0.00823079
0.00551664
0.00406938
0.00282713
0.00188822
0.00132386
0.00103514
0.000786876
0.000556961
0.000400993
0.000321267
0.000257389
0.000217586
0.000196563
0.000163497
0.000103746
0.000158185
8.2075e-05
0.000158091
0.000127081
2.67079e-05
3.97641e-05
2.55428e-05
0.000128357
3.26602e-06
1.73843e-06
2.60366e-06
1.57714e-06
1.24398e-06
7.29455e-07
5.65782e-05
8.89429e-07
4.71809e-07
1.64209e-07
1.92329e-05
4.58152e-08
7.22583e-06
5.24071e-06
1.56859e-05
2.21399e-07
2.72908e-06
4.53133e-07
5.88646e-08
2.5979e-07
6.81073e-09