4.33357e-06
0.000369539
0.000863826
0.00105968
0.00090772
0.00224346
0.00292928
0.00332852
0.00183515
0.00700039
0.00910555
0.0110195
0.0136523
0.0136161
0.0143695
0.0147607
0.0175939
0.0200857
0.02112
0.022462
0.0231781
0.0245082
0.0254341
0.0256319
0.0263145
0.0258938
0.0260708
0.0263147
0.0264083
0.0261286
0.0251949
0.0240596
0.0231457
0.0218524
0.0203895
0.0192296
0.0182117
0.0175943
0.0162853
0.0156907
0.0159569
0.0167067
0.0180975
0.0202665
0.0227173
0.0258116
0.0298787
0.0305272
0.0309487
0.0280121
0.0270943
0.0232451
0.0187656
0.0151117
0.0117205
0.00836224
0.00567561
0.00405116
0.00279648
0.0019714
0.00141315
0.00105204
0.000783061
0.000548604
0.000428497
0.000297578
0.000255409
0.000221678
0.000190852
0.000168545
0.000170778
0.000130803
0.000100062
0.000109239
5.36133e-05
2.85379e-05
4.17997e-05
0.000103155
1.09191e-05
5.61828e-05
1.72167e-06
1.93238e-05
8.52351e-07
1.45323e-06
7.04245e-05
1.83716e-06
4.0353e-05
2.45114e-07
2.47248e-06
6.20911e-06
9.17627e-05
5.08968e-06
1.30146e-07
1.0128e-05
0
2.91256e-08
4.5512e-07
1.17823e-06
6.70962e-07
4.11073e-09