5.88344e-06
0.000776145
0.000954284
0.00124839
0.00196815
0.00247514
0.00282173
0.00379654
0.00196255
0.00649402
0.00837683
0.0117574
0.0134181
0.013955
0.0139787
0.0150559
0.0171998
0.018481
0.020877
0.0217231
0.0233208
0.0242925
0.0252247
0.0255164
0.0260126
0.0260644
0.0258424
0.0260058
0.0259703
0.0259333
0.0254985
0.024042
0.0231236
0.0216852
0.0203157
0.019304
0.0181661
0.0172509
0.0166159
0.0157579
0.0157678
0.0168319
0.0181739
0.0198298
0.0230836
0.0263117
0.0298846
0.0308549
0.0309636
0.0301069
0.0266855
0.0231165
0.0191285
0.0147927
0.0117034
0.00825881
0.00595362
0.00404591
0.00282459
0.00198395
0.00140424
0.0010459
0.000787128
0.000605691
0.00047702
0.000318831
0.000255152
0.000217798
0.000189399
0.000179943
0.000145303
0.000134288
8.32249e-05
9.49309e-05
5.71943e-05
8.06454e-05
7.2494e-05
5.99219e-05
5.98383e-05
1.24005e-05
4.46878e-05
3.94253e-06
5.79533e-05
9.26509e-07
1.15876e-06
5.78187e-07
4.89648e-07
1.92928e-07
3.93271e-07
2.91539e-05
5.19433e-08
4.99618e-07
7.17172e-06
7.34914e-08
4.21241e-08
1.49885e-08
3.85837e-07
2.11774e-08
2.43781e-07
5.51202e-09