5.25184e-06
0.000587557
0.000960307
0.000901065
0.000950813
0.00144835
0.00238673
0.00195972
0.00160033
0.00488529
0.00758121
0.0125957
0.012642
0.0140265
0.0148965
0.0160888
0.018264
0.0199248
0.0211533
0.0222843
0.0235333
0.0241344
0.0252491
0.0254326
0.0255576
0.0261457
0.0259146
0.0261289
0.0264637
0.0263636
0.0254986
0.0244348
0.023212
0.0216746
0.0202483
0.0192866
0.0182896
0.017603
0.0165632
0.0157676
0.0157281
0.0165434
0.0179265
0.0201512
0.0230441
0.0267318
0.0292698
0.0312832
0.0319584
0.02995
0.0269341
0.0230654
0.0190953
0.0147301
0.0117737
0.00841459
0.00575908
0.00405454
0.00277811
0.00197559
0.00138995
0.00105879
0.000788746
0.000557427
0.000471127
0.000345805
0.000251324
0.000206929
0.000199312
0.000154876
0.000143049
0.000101753
0.000102528
6.22454e-05
4.60672e-05
9.61009e-05
2.17733e-05
3.61646e-05
1.48825e-05
7.80688e-06
5.30923e-06
5.83572e-06
7.13647e-05
1.84387e-06
2.24821e-06
4.25156e-06
4.98356e-07
3.78197e-07
1.82185e-06
1.23399e-07
1.51633e-07
1.60668e-05
1.4566e-05
2.17987e-06
3.87674e-06
1.00856e-08
4.06895e-07
7.11839e-09
8.66473e-07
7.23536e-09