4.14607e-06
0.00113533
0.000716111
0.000966765
0.0010941
0.00267149
0.00273964
0.00172807
0.00227903
0.00681821
0.00826099
0.0117827
0.0126573
0.0136092
0.0139555
0.0154682
0.017427
0.0194771
0.0213176
0.0222216
0.0231463
0.0243925
0.0249003
0.0255351
0.0260117
0.0261915
0.0263908
0.0260084
0.0265141
0.0262014
0.025281
0.0241157
0.0231137
0.0216751
0.0202932
0.0190364
0.0182971
0.017449
0.0166544
0.0158722
0.0159148
0.0166018
0.0178184
0.0204751
0.023233
0.0262768
0.0291552
0.0315027
0.0306304
0.0310958
0.0268149
0.022239
0.0196056
0.0150026
0.0115348
0.00810945
0.00525529
0.00410919
0.00275324
0.00191778
0.00143257
0.000996786
0.000771278
0.000525003
0.000461093
0.000340661
0.000251358
0.000201896
0.000188644
0.000178815
9.11755e-05
0.000101236
5.29308e-05
0.000159427
9.79471e-05
5.98272e-05
7.71858e-05
0.000118039
1.20558e-05
1.80038e-05
3.36202e-06
1.80209e-06
0.000123655
6.18574e-07
6.05197e-05
1.36766e-06
6.98054e-05
1.09222e-07
1.12682e-06
3.78082e-05
5.82039e-05
3.55115e-05
4.76955e-06
4.28272e-06
9.52061e-07
2.23535e-06
5.19618e-07
9.96448e-07
3.40465e-07
5.4518e-09