9.39424e-06
0.0177181
0.0195471
0.0057556
0.00489262
0.00406339
0.00539349
0.00634745
0.00179215
0.00627094
0.00901857
0.0126434
0.0117156
0.0120724
0.0120863
0.0127531
0.0167826
0.0192702
0.0199386
0.0204879
0.0219539
0.02292
0.0221821
0.0239992
0.0240907
0.0250486
0.0249907
0.0249
0.025554
0.025032
0.0239907
0.0235722
0.0222917
0.0204698
0.0193645
0.0182014
0.0173623
0.016724
0.0158347
0.0151213
0.015061
0.0158708
0.0170677
0.0193638
0.0203139
0.024542
0.0284779
0.0264457
0.0305743
0.029534
0.0259705
0.0223905
0.0178937
0.0146426
0.0111108
0.00796628
0.00554696
0.00388255
0.00268813
0.00184781
0.00135001
0.000997979
0.000693378
0.000593491
0.000315957
0.00032176
0.000244768
7.47808e-05
0.000194929
0.000167524
0.000166762
0.000148458
0.00014356
0.000147842
0.000124354
0.000112336
5.1999e-06
0.000104588
2.37882e-06
9.77247e-06
9.24775e-05
0.000109761
8.99471e-05
6.69643e-05
5.05439e-05
0.000194767
6.20603e-05
3.92299e-05
0
0
0
1.14805e-05
6.93876e-06
0
2.46233e-06
0
1.39989e-07
3.11549e-10
0
8.61671e-09