1.29685e-05
0.0107166
0.0119303
0.00908365
0.00450949
0.00402168
0.00691385
0.00789368
0.00413579
0.0108442
0.0110749
0.0108593
0.0106723
0.0100496
0.0125947
0.0140663
0.0168844
0.0190695
0.0211548
0.0205837
0.0219957
0.0226825
0.0235811
0.0230372
0.0253896
0.0251459
0.0254589
0.0260885
0.0254277
0.0253345
0.0227862
0.0241067
0.0222209
0.0212575
0.0196633
0.0189774
0.0173724
0.0171235
0.0158798
0.0148501
0.0154332
0.0160348
0.0176185
0.0192547
0.021844
0.0202405
0.0292677
0.0303499
0.0318368
0.029301
0.0246351
0.0209137
0.0176332
0.0140433
0.0110166
0.00466936
0.00546789
0.00376422
0.00263755
0.00184832
0.00131794
0.000980107
0.000755822
0.000579782
0.000476839
0.000339378
0.000259948
0.000204449
0.000105618
0.000177704
0.000160649
0.00015188
0.000217571
0.000169522
0.000113322
0.000111183
7.72933e-05
0.000107496
6.668e-05
1.26566e-06
0.000137293
9.05291e-05
8.90239e-05
3.80278e-07
2.50126e-05
5.59071e-08
0
1.94137e-05
0
2.05461e-08
0
2.84067e-06
0
0
0
0
0
0
0
4.79716e-09