4.26865e-05
0.00518679
0.00380939
0.0033341
0.0105318
0.00921036
0.00781791
0.00660688
0.00429052
0.00909802
0.00980719
0.00933143
0.00856125
0.0135264
0.01459
0.0178473
0.0189264
0.0208764
0.0215039
0.0217544
0.0236003
0.0240743
0.0236244
0.0247966
0.0252588
0.0243373
0.0245546
0.0249372
0.0253691
0.0246428
0.0241567
0.0223985
0.0215853
0.0203037
0.0194561
0.0186654
0.0171506
0.0168424
0.0154999
0.0151006
0.0151034
0.0153955
0.0173713
0.018776
0.0200889
0.0255707
0.0294876
0.0303547
0.0303322
0.027113
0.0266908
0.0189281
0.0187435
0.0147768
0.0111901
0.00786479
0.00561247
0.00227925
0.00267366
0.00183842
0.00134807
0.00096377
0.000706318
0.000592975
0.000481092
0.000328087
0.000235626
0.000207043
0.000184233
0.000167175
0.000169807
0.000166385
0.000150292
0.000136572
0.000110404
8.59706e-05
0.000112229
0.000101991
0.000119231
0.000105828
8.4169e-05
0.00013875
0
2.96275e-05
3.83357e-05
2.46206e-05
0
1.00183e-07
1.24335e-05
0
0
0
0
0
0
0
4.24707e-08
6.10831e-08
0
5.60183e-09