3.2749e-06
0.00127105
0.00191533
0.00322323
0.00474347
0.0014245
0.00277457
0.00570664
0.00442883
0.0113835
0.011544
0.01307
0.0164756
0.0148413
0.0127729
0.015823
0.016865
0.0180378
0.0190382
0.0195293
0.0220467
0.0230722
0.0232116
0.0246936
0.0250705
0.025964
0.0262763
0.0258426
0.0258777
0.0246677
0.0252902
0.0241123
0.0227489
0.0220192
0.0199676
0.0182533
0.01836
0.0175497
0.016388
0.0155647
0.0160388
0.016576
0.0178319
0.0202095
0.0228511
0.0241482
0.0272527
0.0288993
0.0319818
0.0305604
0.0247046
0.0211715
0.01965
0.0154991
0.0109411
0.00753655
0.00579474
0.00406785
0.0028337
0.00195476
0.00142368
0.00105846
0.000795333
0.000608756
0.000496558
0.00024695
0.000252846
0.000222755
0.000194659
7.80357e-05
0.00017863
6.95441e-05
0.000160565
0.000160292
8.23238e-05
9.18402e-05
0.000100236
7.45096e-05
0.000115432
0.000128985
0.000113986
1.19937e-06
0.000114973
0.000337033
0.000145365
2.54614e-05
0.000178486
0.000112826
3.536e-05
2.19709e-05
0
1.6509e-05
0
0
3.54085e-06
6.49499e-08
1.72548e-07
6.94862e-07
1.319e-07
6.96988e-09