3.64923e-06
0.00552154
0.0029519
0.0026811
0.00173811
0.00292424
0.00432932
0.00597511
0.00355992
0.00866571
0.0102248
0.00981463
0.0105306
0.0183205
0.0164775
0.0112096
0.0171407
0.0176274
0.017301
0.0192422
0.0214021
0.0232417
0.022063
0.0248473
0.0248327
0.0248296
0.0241632
0.0245331
0.0264783
0.0260434
0.0262204
0.0245135
0.0235817
0.0218132
0.0206351
0.0195712
0.018593
0.0132973
0.0165611
0.0160276
0.015954
0.0171982
0.0188
0.0166604
0.0233833
0.0261734
0.0313257
0.0328965
0.0332113
0.0320844
0.0200158
0.0246073
0.0201841
0.0156297
0.0115904
0.00844511
0.00580392
0.00426981
0.00287949
0.00197558
0.00147139
0.00103974
0.000803077
0.00062092
0.000506669
0.000354066
0.000196064
0.000216974
0.000189022
0.000194331
0.000145665
0.000168928
0.000166618
0.000138047
0.000105158
8.91107e-05
0.000135402
0.000104618
7.571e-05
6.71994e-05
0.000200424
0.000132157
0.00017328
3.76262e-05
3.65141e-05
3.12676e-06
2.98892e-05
1.88938e-05
0
0
0
2.76459e-06
0
0
0
0
1.01132e-07
0
0
6.22492e-09