6.54653e-06
0.00162521
0.00132752
0.0023645
0.00135411
0.00242219
0.00321456
0.00369544
0.00256157
0.00872853
0.0116199
0.0144871
0.0112575
0.0136898
0.0138356
0.0161048
0.0179145
0.0201713
0.0207722
0.0215519
0.0226764
0.0240921
0.0245315
0.0256085
0.0260315
0.0257777
0.0247874
0.0266001
0.0260168
0.0258899
0.0251946
0.0231366
0.0231387
0.0215153
0.0201632
0.0183637
0.017811
0.0173344
0.0162762
0.0156576
0.0153319
0.0159905
0.0178667
0.0198542
0.0220243
0.0262341
0.0294139
0.0299417
0.0314402
0.0305516
0.025673
0.0228746
0.0189747
0.0145293
0.0112925
0.00745049
0.00578382
0.00394194
0.00277231
0.00189044
0.00137726
0.00103273
0.000769565
0.000601668
0.000394149
0.00033834
0.000248968
0.000213195
0.000199233
0.000172578
0.000168584
0.000163927
0.000161637
0.000163789
0.000130018
4.22386e-05
2.47757e-05
0.00011526
9.28832e-05
9.25271e-06
8.606e-05
7.73821e-05
5.87404e-05
7.34378e-07
2.11876e-06
6.04169e-05
6.41707e-05
6.08459e-05
2.54258e-06
1.57983e-05
0
8.90317e-06
0
0
1.27303e-06
1.16151e-08
0
1.56139e-08
4.26794e-07
7.07537e-09