7.03018e-06
0.000351655
0.00101679
0.00107247
0.00174643
0.00356553
0.00416416
0.00187286
0.00246363
0.00892126
0.00993726
0.0119339
0.0111918
0.0133894
0.013654
0.0145668
0.0165163
0.0186146
0.0202956
0.0214337
0.0224676
0.0236103
0.0246614
0.0250988
0.025264
0.0261258
0.0254129
0.0258987
0.0263032
0.0262875
0.0255881
0.0246894
0.0229317
0.0220294
0.0203246
0.0191825
0.0183774
0.0176585
0.0165409
0.015951
0.0159337
0.0165523
0.0181084
0.0203805
0.0230627
0.0259188
0.0291861
0.0313999
0.0325262
0.03083
0.0271791
0.0235974
0.0195859
0.0138634
0.0114507
0.00833846
0.00570776
0.00405083
0.00266539
0.0019907
0.00138226
0.0010622
0.000735603
0.000593858
0.000496222
0.00034968
0.000266279
0.000226597
0.000195059
0.000174372
0.000166911
0.000159019
0.000149876
5.75064e-05
0.000122555
7.39879e-05
9.0956e-05
0.00013285
1.52515e-05
4.45696e-06
1.35238e-06
1.83626e-06
3.40811e-05
5.45812e-07
3.03683e-05
3.07489e-06
2.4303e-06
2.22304e-07
1.61391e-07
1.27651e-07
6.59496e-06
1.34124e-06
6.07982e-06
7.27899e-06
1.72602e-06
5.05555e-09
2.4532e-07
2.11698e-07
6.94839e-10
6.32098e-09