5.46467e-06
0.00074225
0.00109963
0.00133268
0.00118512
0.00266348
0.00230358
0.00240352
0.00209675
0.00613153
0.00927496
0.0128073
0.0141671
0.013098
0.0142364
0.0153587
0.0172218
0.0193942
0.0207602
0.0221414
0.0230645
0.0241772
0.024751
0.0252042
0.0257771
0.025657
0.025943
0.0263999
0.0261964
0.0262022
0.0254429
0.0240103
0.0228434
0.0218349
0.0200262
0.018797
0.0181509
0.0176397
0.0165859
0.0157565
0.015583
0.0160693
0.0178483
0.0201067
0.0227322
0.0259837
0.0299039
0.0307937
0.0321537
0.0297708
0.0275605
0.0231922
0.0194395
0.015388
0.011469
0.00830409
0.00576606
0.00385107
0.00279801
0.00198669
0.00141613
0.00104409
0.000795983
0.000591331
0.000436358
0.000334776
0.000244524
0.000172082
0.000179818
0.000174812
0.000146375
0.00012816
0.000104242
0.000160266
0.000111083
9.8761e-05
5.57029e-05
5.95961e-05
2.87995e-05
7.53289e-06
6.69034e-06
3.7599e-06
7.90774e-05
1.80605e-06
2.02479e-06
1.82755e-05
6.83547e-07
2.56314e-07
2.16571e-07
9.04071e-08
6.79892e-08
5.18867e-08
9.40455e-06
2.34572e-07
1.15524e-06
7.93812e-09
3.79473e-07
6.54928e-07
7.76997e-09
7.086e-09