5.98073e-06
0.000872569
0.00105928
0.0013077
0.00139426
0.00221715
0.00241795
0.00318666
0.00221815
0.00709991
0.00945777
0.0123838
0.0134078
0.0137161
0.0142454
0.015613
0.0173307
0.019346
0.020911
0.0219714
0.0231467
0.0240424
0.0249454
0.0255817
0.0256727
0.0259725
0.0259017
0.0260434
0.0262772
0.0259518
0.0253484
0.024249
0.0229135
0.0216915
0.0202884
0.0190899
0.0182095
0.0174365
0.0164876
0.0157381
0.0157202
0.0164867
0.0178356
0.0200718
0.0229355
0.0260138
0.0293068
0.0306078
0.0312783
0.0299609
0.0265517
0.0233675
0.0192582
0.0150624
0.0114885
0.00819531
0.00579488
0.00404492
0.00280828
0.00196205
0.00139062
0.00102433
0.000777654
0.00058738
0.000463835
0.000336826
0.000242578
0.00020266
0.000189784
0.000168989
0.000150012
0.000117387
0.000108756
0.000103628
5.39727e-05
5.77495e-05
3.98926e-05
3.35783e-05
1.55551e-05
9.53634e-06
4.46116e-06
5.41981e-06
5.89186e-06
1.75743e-06
1.71407e-06
1.0278e-06
1.38505e-06
3.68154e-07
2.38798e-07
1.71926e-07
4.29091e-07
3.1402e-07
3.93487e-07
1.39815e-07
4.41355e-08
1.16612e-08
3.09197e-08
2.95971e-08
9.0642e-09
5.86013e-09