 5.16734e-06
 0.000599713
 0.0010526
 0.00118364
 0.00122466
 0.00192885
 0.00221501
 0.00264797
 0.00204051
 0.00624928
 0.00837861
 0.0114675
 0.012568
 0.013446
 0.0143379
 0.0156924
 0.017361
 0.0193406
 0.0209419
 0.0221849
 0.0232625
 0.0244804
 0.0251229
 0.0256586
 0.026033
 0.0259858
 0.0260969
 0.0262886
 0.026492
 0.0261282
 0.0256534
 0.024408
 0.0231293
 0.0218057
 0.0204172
 0.0192696
 0.0182725
 0.0175006
 0.0164137
 0.0158961
 0.0159373
 0.0167243
 0.0179601
 0.0200756
 0.0229715
 0.0264515
 0.0296005
 0.0308436
 0.0312776
 0.0298592
 0.0265368
 0.0232342
 0.0192615
 0.0152403
 0.0116914
 0.00825516
 0.0058818
 0.00409319
 0.00281942
 0.00196719
 0.00139668
 0.00102418
 0.000789196
 0.000589304
 0.0004512
 0.000338607
 0.000247524
 0.000219101
 0.00017286
 0.000159839
 0.000140723
 9.85095e-05
 0.000113148
 0.000119262
 6.9736e-05
 4.90841e-05
 5.07191e-05
 3.44008e-05
 1.48786e-05
 2.62301e-05
 3.72839e-06
 2.17499e-06
 6.44688e-06
 1.83057e-06
 1.606e-06
 6.26949e-07
 7.50191e-07
 5.58522e-07
 1.52896e-07
 1.17405e-07
 7.73195e-07
 2.21857e-07
 5.24596e-07
 1.02285e-05
 6.36831e-08
 1.25575e-08
 3.01635e-07
 9.25492e-07
 4.12463e-07
 6.70908e-09
