4.95343e-06
0.000646974
0.00083068
0.00145225
0.00167208
0.00189805
0.00224865
0.00271867
0.00235842
0.00957771
0.010552
0.0118438
0.0155429
0.0150762
0.0152992
0.0147807
0.0175065
0.0193161
0.0205002
0.0218385
0.023147
0.0240199
0.0245837
0.025161
0.0256961
0.0256814
0.0256541
0.0256811
0.0257568
0.0256222
0.0250642
0.0240189
0.0228333
0.0209274
0.0199721
0.0187249
0.0175629
0.0168938
0.0161738
0.0155533
0.0156695
0.0165675
0.0178257
0.0198229
0.0227529
0.025983
0.0292211
0.0305904
0.0307038
0.0300483
0.0272714
0.0236226
0.0194747
0.01504
0.0114036
0.00787145
0.00588503
0.00393036
0.0027117
0.0019592
0.00141671
0.00102937
0.000778625
0.000611366
0.000453815
0.000316278
0.000250994
0.000188562
0.000195487
0.000142767
0.000133488
9.53122e-05
0.000163661
9.9809e-05
0.000136522
0.000105196
2.36916e-05
0.00010717
2.9344e-05
4.30612e-06
0.000111343
0.000104883
0.000116683
9.2901e-05
8.54102e-05
6.9481e-05
4.2494e-07
2.69998e-07
8.77209e-05
0.000163516
0.00010069
4.58457e-07
0
2.22267e-05
1.31762e-05
2.47571e-09
2.64387e-07
0
4.90825e-07
5.80392e-09
