4.94716e-06
0.000493581
0.000700425
0.00125234
0.00125806
0.00220305
0.00245209
0.00301429
0.00216712
0.00604544
0.00894634
0.012083
0.0130581
0.0135414
0.013922
0.0153885
0.0173028
0.0192674
0.021013
0.0219402
0.0228558
0.0238613
0.0249101
0.0255326
0.0259325
0.0258784
0.0260933
0.0260849
0.0263452
0.0262921
0.0255923
0.0243128
0.0231536
0.0218643
0.020431
0.0190823
0.0182198
0.0175101
0.0165656
0.0157835
0.0158311
0.0165918
0.0181188
0.0200693
0.0227906
0.0263196
0.0295799
0.030985
0.0317518
0.030481
0.0267552
0.0230231
0.0194969
0.0151503
0.0114764
0.00825709
0.00586726
0.00407292
0.00282027
0.00196137
0.00139492
0.00101632
0.000790424
0.000576801
0.000459204
0.000341533
0.000247805
0.00019913
0.000186813
0.000162924
0.000149668
0.000110802
0.00015115
9.89111e-05
8.47586e-05
6.72903e-05
7.08218e-05
5.90648e-05
2.23349e-05
6.61405e-06
3.44256e-06
3.48354e-06
4.64199e-06
2.21351e-06
1.31329e-06
3.05864e-06
6.87344e-07
4.80417e-07
3.25171e-07
5.30145e-07
8.58273e-07
3.28023e-07
2.45176e-05
7.28976e-07
4.40903e-07
1.84857e-08
3.61933e-07
7.83209e-08
7.26684e-09
5.19632e-09
