0.00233695
0
0.0242238
0.136484
0.036625
0.0176925
0.0258926
0.0205688
0.00795762
0.0192259
0.019982
0.0221145
0.0187006
0.0155507
0.01393
0.0148466
0.0138032
0.0150396
0.0169547
0.0162508
0.0164736
0.0168202
0.0171804
0.0170174
0.0170551
0.0173037
0.0172125
0.0174787
0.0173892
0.0167498
0.0160447
0.0157099
0.0152759
0.0144105
0.0130522
0.0122349
0.0115075
0.0113322
0.010385
0.0102265
0.0102509
0.0104828
0.0117906
0.013
0.0148192
0.0167542
0.0193498
0.019378
0.0206374
0.0194607
0.0180612
0.0150454
0.0136964
0.0105339
0.00769293
0.00566469
0.00396532
0.0025933
0.00183975
0.00132829
0.000897275
0.000661681
0.000526576
0.000405788
0.000328308
0.000249089
0.000161822
0.000141332
0.00012502
0.000120657
0.000117899
0.000110592
0.000141365
8.30142e-05
8.9846e-05
7.43651e-05
6.51903e-05
9.45815e-05
5.41559e-05
3.60512e-05
8.36293e-05
0
0
4.71e-05
0
0
0
0
0
0
0
0
0
0
0
0
0
0
0
0