0.00259967
0.0555372
0.0510647
0.0350871
0.0238293
0.0217191
0.0179855
0.0185961
0.0088341
0.0208249
0.0211498
0.0211854
0.0189494
0.0165873
0.015288
0.0149902
0.015404
0.0160035
0.0165756
0.0168868
0.0172463
0.0175874
0.0179132
0.0180586
0.0180848
0.0180852
0.0180557
0.0179887
0.018141
0.0177782
0.0173822
0.0166054
0.0157637
0.0147414
0.0137573
0.0129482
0.0123089
0.0118582
0.0112032
0.0106562
0.0107798
0.0112675
0.0122285
0.0136247
0.0155242
0.0178866
0.0201783
0.0212504
0.0217282
0.0208081
0.0190096
0.0164099
0.0134957
0.0106578
0.00809641
0.00584223
0.00410507
0.00281859
0.00195271
0.00136578
0.000984732
0.000723506
0.000547262
0.000426377
0.000342288
0.000241933
0.000177258
0.000152794
0.000137748
0.00012625
0.000118892
0.00011502
0.000110754
0.000107984
8.87412e-05
7.62009e-05
7.95654e-05
7.80868e-05
8.21597e-05
8.74011e-05
8.68444e-05
9.66035e-05
9.98371e-05
6.99217e-05
6.13721e-05
6.5832e-05
7.73257e-05
6.23215e-05
4.34039e-05
6.9349e-05
5.43502e-05
3.31603e-05
1.83718e-05
1.64965e-05
3.91171e-05
9.18434e-06
0
0
0
0