5.13252e-06
0.000646002
0.000733024
0.001115
0.00124067
0.00203318
0.00215755
0.00264693
0.0019614
0.00565809
0.00878915
0.0114349
0.0130177
0.0136073
0.014213
0.0151902
0.0171602
0.0193578
0.0209666
0.0220395
0.0231336
0.0240511
0.0249474
0.0254959
0.0258647
0.0258891
0.0260805
0.0262259
0.0264215
0.0261668
0.0255394
0.0243249
0.023092
0.0218845
0.0204589
0.0192765
0.0183558
0.0176583
0.0165571
0.0158205
0.0158859
0.0167126
0.0182229
0.0201857
0.0230102
0.0262824
0.0297583
0.0310758
0.0316566
0.0305619
0.026539
0.0235409
0.0194544
0.0151213
0.0115146
0.00831778
0.0058253
0.0040786
0.00281789
0.00198574
0.00141077
0.00103636
0.00078407
0.000598976
0.000464937
0.000333735
0.000250232
0.000215204
0.000184981
0.00017102
0.000155413
0.000123847
0.000125808
0.000100116
8.0703e-05
6.59884e-05
4.81403e-05
3.42215e-05
1.58549e-05
6.56873e-06
4.39996e-06
4.05523e-06
9.82493e-06
1.82012e-06
2.06874e-06
1.77213e-06
1.02931e-06
3.42011e-07
2.2987e-07
2.38675e-07
2.44663e-07
2.62348e-07
6.21861e-07
1.51204e-07
6.35193e-08
1.28105e-08
5.84731e-08
9.91394e-08
1.12423e-08
5.74433e-09